1	9
1	17
1	42
1	55
1	104
1	111
1	117
1	122
1	155
1	168
1	198
1	208
1	215
1	250
1	277
1	325
1	363
1	372
1	386
1	400
1	463
1	525
1	563
1	676
1	724
1	730
1	758
1	775
1	786
1	821
1	839
1	890
1	912
1	1008
1	1136
1	1137
1	1166
1	1175
1	1338
1	1488
1	1544
1	1637
1	1770
1	1776
1	1966
2	21
2	32
2	38
2	110
2	134
2	139
2	194
2	212
2	223
2	239
2	241
2	261
2	270
2	294
2	298
2	338
2	364
2	374
2	507
2	536
2	655
2	675
2	768
2	814
2	820
2	834
2	857
2	859
2	868
2	880
2	962
2	1034
2	1038
2	1204
2	1252
2	1258
2	1277
2	1319
2	1342
2	1354
2	1408
2	1427
2	1558
2	1760
2	1963
3	15
3	18
3	21
3	32
3	41
3	53
3	68
3	90
3	108
3	121
3	139
3	165
3	207
3	239
3	241
3	298
3	374
3	382
3	401
3	411
3	440
3	547
3	585
3	599
3	608
3	655
3	667
3	675
3	744
3	837
3	1021
3	1038
3	1066
3	1252
3	1258
3	1282
3	1313
3	1357
3	1375
3	1501
3	1790
3	1841
3	1867
3	1872
4	7
4	18
4	32
4	34
4	35
4	46
4	71
4	80
4	99
4	149
4	196
4	295
4	332
4	385
4	390
4	391
4	459
4	483
4	484
4	502
4	566
4	782
4	788
4	850
4	852
4	861
4	900
4	1054
4	1132
4	1237
4	1258
4	1279
4	1398
4	1485
4	1515
4	1626
4	1629
4	1642
4	1664
4	1850
4	1860
4	1961
5	6
5	21
5	23
5	76
5	87
5	99
5	117
5	140
5	142
5	170
5	182
5	220
5	257
5	331
5	334
5	346
5	352
5	489
5	504
5	505
5	541
5	554
5	593
5	614
5	789
5	873
5	977
5	994
5	1208
5	1230
5	1263
5	1303
5	1391
5	1420
5	1492
5	1496
5	1500
5	1617
5	1676
5	1735
5	1957
5	1968
6	33
6	56
6	63
6	120
6	190
6	200
6	209
6	378
6	404
6	413
6	423
6	472
6	486
6	508
6	684
6	816
6	817
6	857
6	904
6	958
6	994
6	1036
6	1056
6	1079
6	1098
6	1121
6	1186
6	1267
6	1371
6	1386
6	1437
6	1453
6	1467
6	1595
6	1608
6	1707
6	1732
6	1810
6	1818
6	1898
6	2000
7	15
7	32
7	34
7	38
7	67
7	71
7	81
7	133
7	135
7	149
7	192
7	202
7	212
7	217
7	238
7	294
7	335
7	338
7	345
7	409
7	413
7	479
7	483
7	496
7	516
7	566
7	804
7	821
7	970
7	1132
7	1150
7	1188
7	1299
7	1379
7	1393
7	1648
7	1654
7	1846
7	1903
8	18
8	70
8	73
8	181
8	253
8	259
8	271
8	282
8	301
8	318
8	320
8	348
8	410
8	457
8	568
8	681
8	698
8	712
8	744
8	760
8	805
8	923
8	971
8	978
8	1000
8	1006
8	1012
8	1044
8	1211
8	1280
8	1282
8	1329
8	1428
8	1584
8	1586
8	1632
8	1822
8	1840
8	1949
9	17
9	92
9	103
9	172
9	210
9	289
9	309
9	345
9	375
9	429
9	487
9	488
9	530
9	540
9	615
9	621
9	673
9	703
9	720
9	743
9	745
9	747
9	782
9	797
9	896
9	939
9	972
9	991
9	1037
9	1045
9	1073
9	1503
9	1521
9	1560
9	1590
9	1682
9	1835
9	1918
10	11
10	26
10	38
10	74
10	100
10	111
10	112
10	125
10	132
10	148
10	190
10	212
10	222
10	226
10	228
10	245
10	254
10	307
10	352
10	428
10	505
10	518
10	680
10	723
10	763
10	803
10	829
10	831
10	906
10	1118
10	1262
10	1266
10	1296
10	1611
10	1651
10	1727
10	1910
10	1925
11	13
11	20
11	36
11	43
11	78
11	100
11	110
11	126
11	167
11	168
11	218
11	226
11	248
11	249
11	297
11	307
11	437
11	449
11	453
11	551
11	827
11	832
11	971
11	1081
11	1098
11	1179
11	1224
11	1297
11	1351
11	1377
11	1414
11	1486
11	1511
11	1592
11	1733
11	1804
11	1891
12	21
12	24
12	41
12	42
12	69
12	72
12	83
12	97
12	157
12	201
12	202
12	221
12	268
12	343
12	349
12	353
12	387
12	389
12	430
12	479
12	640
12	646
12	649
12	670
12	842
12	860
12	1103
12	1121
12	1132
12	1287
12	1455
12	1507
12	1539
12	1556
12	1718
12	1828
12	1895
12	1959
13	25
13	38
13	40
13	43
13	100
13	111
13	121
13	144
13	155
13	161
13	167
13	196
13	208
13	266
13	292
13	316
13	324
13	376
13	560
13	619
13	626
13	648
13	752
13	842
13	905
13	908
13	910
13	952
13	964
13	1107
13	1152
13	1182
13	1192
13	1262
13	1356
13	1703
13	1730
14	46
14	54
14	60
14	65
14	85
14	96
14	146
14	156
14	158
14	175
14	206
14	240
14	268
14	334
14	357
14	370
14	396
14	412
14	500
14	503
14	514
14	527
14	603
14	625
14	662
14	688
14	704
14	754
14	879
14	955
14	1024
14	1254
14	1288
14	1308
14	1321
14	1395
14	1549
14	1716
15	43
15	50
15	66
15	78
15	95
15	104
15	126
15	142
15	161
15	179
15	208
15	254
15	265
15	360
15	382
15	409
15	470
15	499
15	522
15	693
15	716
15	720
15	783
15	927
15	964
15	1011
15	1046
15	1090
15	1127
15	1175
15	1399
15	1400
15	1543
15	1718
15	1873
15	1884
16	25
16	27
16	33
16	36
16	67
16	130
16	200
16	249
16	255
16	349
16	395
16	397
16	400
16	472
16	508
16	530
16	602
16	622
16	692
16	738
16	816
16	817
16	818
16	826
16	836
16	864
16	890
16	895
16	973
16	1140
16	1229
16	1286
16	1351
16	1574
16	1762
16	1935
17	23
17	63
17	65
17	85
17	116
17	143
17	146
17	171
17	213
17	215
17	279
17	283
17	365
17	366
17	395
17	426
17	515
17	540
17	580
17	698
17	872
17	887
17	922
17	1132
17	1137
17	1295
17	1336
17	1401
17	1406
17	1520
17	1563
17	1590
17	1770
17	1943
18	37
18	41
18	51
18	87
18	109
18	111
18	152
18	188
18	228
18	293
18	299
18	317
18	339
18	444
18	470
18	471
18	546
18	581
18	586
18	660
18	707
18	709
18	785
18	1022
18	1156
18	1185
18	1294
18	1405
18	1484
18	1653
18	1702
18	1795
18	1868
19	35
19	54
19	61
19	73
19	95
19	139
19	191
19	332
19	372
19	480
19	487
19	597
19	616
19	685
19	734
19	739
19	848
19	850
19	979
19	1143
19	1194
19	1293
19	1317
19	1324
19	1374
19	1388
19	1460
19	1481
19	1507
19	1536
19	1568
19	1576
19	1706
19	1849
19	1866
20	47
20	72
20	130
20	136
20	144
20	152
20	173
20	227
20	281
20	291
20	303
20	324
20	365
20	382
20	442
20	484
20	548
20	589
20	611
20	679
20	798
20	846
20	857
20	1109
20	1172
20	1181
20	1292
20	1489
20	1596
20	1698
20	1763
20	1869
20	1908
20	1979
21	91
21	103
21	108
21	110
21	139
21	214
21	239
21	298
21	364
21	401
21	411
21	507
21	667
21	668
21	702
21	865
21	963
21	1006
21	1101
21	1182
21	1204
21	1206
21	1355
21	1375
21	1387
21	1669
21	1819
21	1870
21	1900
21	1952
22	69
22	92
22	130
22	166
22	196
22	268
22	281
22	303
22	389
22	412
22	433
22	452
22	457
22	527
22	601
22	605
22	692
22	741
22	787
22	880
22	924
22	933
22	947
22	988
22	1326
22	1400
22	1411
22	1422
22	1463
22	1624
22	1664
22	1683
22	1787
22	1994
23	64
23	83
23	85
23	140
23	166
23	181
23	195
23	242
23	292
23	321
23	373
23	417
23	542
23	575
23	730
23	818
23	876
23	1014
23	1023
23	1032
23	1058
23	1108
23	1121
23	1124
23	1154
23	1265
23	1302
23	1471
23	1591
23	1848
23	1929
23	1938
24	58
24	83
24	96
24	118
24	130
24	139
24	323
24	367
24	382
24	436
24	564
24	589
24	601
24	674
24	686
24	787
24	900
24	933
24	948
24	1036
24	1111
24	1146
24	1176
24	1255
24	1325
24	1329
24	1336
24	1539
24	1644
24	1721
24	1763
24	1787
24	1924
25	32
25	38
25	45
25	56
25	61
25	88
25	100
25	102
25	112
25	179
25	208
25	228
25	260
25	313
25	380
25	406
25	409
25	473
25	548
25	565
25	569
25	658
25	694
25	822
25	1065
25	1274
25	1420
25	1638
25	1695
25	1788
25	1822
26	32
26	57
26	61
26	67
26	79
26	104
26	106
26	136
26	145
26	148
26	179
26	247
26	250
26	254
26	307
26	360
26	367
26	406
26	435
26	495
26	687
26	824
26	908
26	969
26	1102
26	1176
26	1196
26	1647
26	1692
26	1800
26	1816
26	1849
27	33
27	45
27	49
27	56
27	67
27	145
27	165
27	192
27	200
27	238
27	273
27	302
27	325
27	327
27	415
27	423
27	472
27	516
27	530
27	659
27	890
27	992
27	1018
27	1087
27	1286
27	1360
27	1428
27	1540
27	1579
27	1786
27	1946
27	1982
28	55
28	71
28	87
28	95
28	113
28	126
28	131
28	205
28	234
28	296
28	317
28	327
28	406
28	418
28	535
28	649
28	832
28	937
28	962
28	996
28	1005
28	1149
28	1226
28	1288
28	1293
28	1302
28	1332
28	1485
28	1497
28	1556
28	1557
28	1868
28	1889
29	70
29	123
29	131
29	163
29	177
29	214
29	288
29	351
29	383
29	433
29	435
29	441
29	449
29	493
29	516
29	642
29	696
29	715
29	725
29	745
29	780
29	794
29	819
29	870
29	885
29	1055
29	1139
29	1236
29	1275
29	1339
29	1449
29	1589
29	1727
30	33
30	37
30	44
30	47
30	50
30	58
30	92
30	103
30	116
30	144
30	236
30	264
30	291
30	404
30	495
30	509
30	543
30	626
30	637
30	1093
30	1147
30	1215
30	1228
30	1417
30	1429
30	1433
30	1448
30	1464
30	1531
30	1646
30	1668
30	1843
31	75
31	94
31	128
31	143
31	171
31	204
31	267
31	280
31	345
31	426
31	427
31	454
31	455
31	666
31	719
31	724
31	797
31	801
31	837
31	1024
31	1200
31	1241
31	1247
31	1312
31	1381
31	1424
31	1443
31	1506
31	1520
31	1756
31	1889
31	1944
32	36
32	43
32	64
32	106
32	111
32	255
32	271
32	333
32	371
32	372
32	380
32	434
32	463
32	491
32	637
32	671
32	779
32	802
32	929
32	1040
32	1199
32	1323
32	1399
32	1818
32	1844
32	1939
33	56
33	73
33	83
33	183
33	196
33	242
33	263
33	292
33	297
33	308
33	325
33	377
33	382
33	423
33	436
33	472
33	530
33	616
33	698
33	778
33	909
33	935
33	1016
33	1211
33	1286
33	1340
33	1540
33	1646
34	40
34	56
34	58
34	88
34	89
34	93
34	151
34	209
34	321
34	368
34	400
34	402
34	468
34	490
34	511
34	544
34	753
34	834
34	864
34	1001
34	1060
34	1114
34	1269
34	1287
34	1421
34	1561
34	1634
34	1734
34	1975
35	101
35	163
35	172
35	191
35	209
35	232
35	284
35	325
35	357
35	362
35	402
35	416
35	455
35	547
35	753
35	891
35	1081
35	1137
35	1173
35	1248
35	1320
35	1385
35	1619
35	1692
35	1712
35	1745
35	1777
35	1847
35	1946
36	66
36	68
36	150
36	235
36	236
36	242
36	268
36	316
36	359
36	425
36	432
36	470
36	522
36	541
36	562
36	652
36	664
36	901
36	1053
36	1082
36	1226
36	1240
36	1286
36	1592
36	1615
36	1917
36	1924
36	1948
37	40
37	45
37	47
37	69
37	80
37	90
37	92
37	103
37	194
37	216
37	234
37	378
37	521
37	680
37	691
37	899
37	980
37	984
37	1009
37	1108
37	1152
37	1244
37	1448
37	1666
37	1743
37	1923
37	1931
37	1951
37	1974
38	99
38	148
38	307
38	311
38	393
38	473
38	615
38	654
38	704
38	716
38	721
38	828
38	982
38	993
38	1133
38	1148
38	1160
38	1166
38	1202
38	1210
38	1273
38	1382
38	1597
38	1788
38	1925
38	1934
39	49
39	77
39	102
39	177
39	181
39	244
39	250
39	315
39	340
39	517
39	519
39	531
39	547
39	614
39	621
39	623
39	777
39	1004
39	1161
39	1235
39	1239
39	1259
39	1295
39	1326
39	1428
39	1606
39	1688
39	1765
39	1900
39	1964
40	73
40	86
40	152
40	181
40	189
40	253
40	282
40	285
40	391
40	448
40	473
40	569
40	643
40	666
40	679
40	819
40	855
40	963
40	1000
40	1035
40	1037
40	1089
40	1144
40	1230
40	1299
40	1684
40	1743
41	69
41	74
41	83
41	142
41	164
41	168
41	172
41	189
41	194
41	221
41	278
41	356
41	382
41	384
41	389
41	457
41	530
41	671
41	778
41	784
41	787
41	842
41	874
41	1300
41	1727
41	1781
41	1797
42	49
42	54
42	72
42	92
42	96
42	97
42	108
42	151
42	169
42	181
42	221
42	228
42	264
42	361
42	434
42	484
42	527
42	973
42	980
42	985
42	1070
42	1124
42	1127
42	1383
42	1446
42	1718
42	1822
42	1879
43	55
43	57
43	78
43	102
43	208
43	213
43	218
43	240
43	331
43	409
43	427
43	432
43	528
43	538
43	569
43	612
43	824
43	833
43	939
43	1015
43	1405
43	1442
43	1603
43	1631
43	1758
43	1867
44	71
44	74
44	98
44	115
44	151
44	272
44	303
44	321
44	399
44	421
44	441
44	522
44	543
44	593
44	661
44	688
44	725
44	729
44	749
44	791
44	902
44	1030
44	1119
44	1164
44	1309
44	1335
44	1533
44	1571
44	1639
45	47
45	103
45	148
45	156
45	178
45	210
45	216
45	220
45	310
45	497
45	509
45	545
45	637
45	646
45	834
45	930
45	989
45	1039
45	1091
45	1117
45	1141
45	1381
45	1407
45	1426
45	1706
45	1930
46	81
46	103
46	121
46	135
46	149
46	153
46	211
46	315
46	335
46	381
46	390
46	509
46	599
46	644
46	771
46	830
46	852
46	1208
46	1236
46	1323
46	1443
46	1571
46	1609
46	1629
46	1707
46	1730
46	1896
47	50
47	73
47	86
47	120
47	163
47	178
47	225
47	404
47	595
47	626
47	680
47	697
47	750
47	1083
47	1097
47	1158
47	1177
47	1196
47	1215
47	1241
47	1410
47	1429
47	1433
47	1528
47	1706
48	55
48	60
48	65
48	85
48	146
48	147
48	168
48	170
48	235
48	240
48	273
48	287
48	296
48	311
48	357
48	412
48	539
48	662
48	719
48	761
48	915
48	948
48	955
48	995
48	1251
48	1496
48	1618
48	1673
48	1964
49	256
49	310
49	331
49	447
49	454
49	493
49	514
49	797
49	861
49	929
49	1095
49	1104
49	1205
49	1216
49	1221
49	1292
49	1394
49	1417
49	1438
49	1545
49	1548
49	1645
49	1697
49	1754
49	1810
49	1912
50	97
50	103
50	158
50	163
50	178
50	216
50	220
50	339
50	378
50	380
50	425
50	521
50	614
50	814
50	841
50	945
50	998
50	1305
50	1387
50	1410
50	1441
50	1553
50	1703
50	1799
50	1843
51	56
51	71
51	78
51	117
51	125
51	176
51	182
51	196
51	199
51	202
51	211
51	259
51	332
51	338
51	344
51	405
51	701
51	771
51	790
51	1087
51	1236
51	1242
51	1393
51	1443
51	1711
51	1894
51	1969
52	58
52	172
52	195
52	279
52	285
52	313
52	334
52	368
52	441
52	466
52	468
52	490
52	511
52	552
52	695
52	766
52	774
52	862
52	875
52	1031
52	1074
52	1346
52	1489
52	1634
52	1678
52	1803
52	1806
52	1968
53	70
53	71
53	75
53	124
53	196
53	224
53	225
53	235
53	238
53	266
53	302
53	364
53	483
53	502
53	533
53	788
53	895
53	924
53	947
53	1236
53	1245
53	1353
53	1485
53	1537
53	1612
53	1788
53	1958
54	73
54	95
54	262
54	265
54	344
54	375
54	390
54	405
54	495
54	505
54	580
54	597
54	657
54	672
54	734
54	739
54	772
54	938
54	1009
54	1035
54	1077
54	1265
54	1886
54	1913
54	1936
55	64
55	124
55	128
55	175
55	205
55	215
55	327
55	467
55	537
55	594
55	678
55	686
55	792
55	851
55	880
55	932
55	986
55	999
55	1105
55	1136
55	1228
55	1234
55	1789
55	1930
56	297
56	314
56	339
56	352
56	437
56	468
56	472
56	508
56	530
56	550
56	689
56	742
56	853
56	1086
56	1098
56	1105
56	1126
56	1165
56	1167
56	1193
56	1437
56	1919
57	82
57	126
57	168
57	230
57	316
57	320
57	392
57	418
57	432
57	448
57	571
57	573
57	607
57	654
57	798
57	831
57	863
57	974
57	981
57	1348
57	1610
57	1654
57	1687
57	1781
57	1933
58	151
58	215
58	368
58	395
58	404
58	440
58	447
58	490
58	847
58	867
58	907
58	1064
58	1262
58	1292
58	1425
58	1553
58	1585
58	1638
58	1662
58	1752
58	1779
58	1821
58	1975
59	101
59	109
59	123
59	144
59	197
59	209
59	259
59	278
59	301
59	353
59	450
59	493
59	527
59	777
59	779
59	925
59	965
59	975
59	1011
59	1059
59	1189
59	1247
59	1773
59	1837
59	1878
59	1916
59	1981
60	141
60	147
60	195
60	206
60	271
60	280
60	555
60	565
60	610
60	625
60	636
60	696
60	708
60	856
60	868
60	879
60	916
60	920
60	925
60	955
60	1123
60	1186
60	1261
60	1549
60	1950
61	74
61	94
61	125
61	162
61	185
61	186
61	198
61	235
61	487
61	507
61	715
61	736
61	802
61	910
61	944
61	954
61	1125
61	1437
61	1580
61	1592
61	1641
61	1698
61	1766
61	1792
62	118
62	128
62	137
62	270
62	275
62	312
62	337
62	358
62	371
62	694
62	806
62	851
62	925
62	962
62	1062
62	1099
62	1115
62	1138
62	1284
62	1301
62	1306
62	1335
62	1481
62	1512
62	1530
62	1968
62	1984
63	91
63	161
63	179
63	197
63	200
63	223
63	247
63	252
63	290
63	358
63	461
63	636
63	685
63	708
63	713
63	777
63	779
63	799
63	893
63	966
63	1010
63	1132
63	1276
63	1291
63	1376
64	113
64	234
64	235
64	262
64	274
64	296
64	497
64	535
64	574
64	604
64	628
64	686
64	775
64	1038
64	1171
64	1458
64	1497
64	1635
64	1708
64	1717
64	1728
64	1829
64	1942
64	1990
65	80
65	103
65	287
65	327
65	341
65	350
65	392
65	451
65	475
65	479
65	514
65	749
65	1051
65	1116
65	1164
65	1227
65	1261
65	1281
65	1440
65	1505
65	1549
65	1647
65	1716
65	1729
66	111
66	126
66	187
66	201
66	217
66	221
66	249
66	393
66	476
66	542
66	592
66	774
66	786
66	829
66	853
66	954
66	1020
66	1053
66	1061
66	1184
66	1230
66	1443
66	1621
66	1802
66	1831
67	85
67	99
67	183
67	188
67	200
67	231
67	260
67	415
67	436
67	507
67	650
67	659
67	689
67	745
67	816
67	1036
67	1079
67	1371
67	1451
67	1652
67	1738
67	1755
67	1872
68	79
68	80
68	86
68	87
68	94
68	254
68	293
68	300
68	342
68	352
68	470
68	654
68	718
68	746
68	800
68	840
68	1051
68	1116
68	1134
68	1301
68	1419
68	1633
68	1719
68	1853
69	81
69	96
69	189
69	243
69	251
69	367
69	369
69	384
69	387
69	394
69	402
69	502
69	544
69	612
69	690
69	692
69	883
69	884
69	1579
69	1632
69	1832
69	1991
70	76
70	92
70	177
70	275
70	288
70	298
70	307
70	322
70	356
70	435
70	493
70	525
70	605
70	608
70	695
70	737
70	892
70	948
70	979
70	1340
70	1341
70	1640
70	1763
71	162
71	165
71	192
71	211
71	213
71	217
71	251
71	258
71	319
71	332
71	394
71	413
71	533
71	749
71	1054
71	1484
71	1541
71	1861
71	1870
71	1969
72	167
72	173
72	222
72	271
72	291
72	323
72	333
72	337
72	357
72	382
72	484
72	494
72	603
72	627
72	644
72	698
72	1307
72	1336
72	1494
72	1515
72	1787
72	1844
72	1994
73	214
73	232
73	238
73	253
73	282
73	320
73	363
73	497
73	512
73	513
73	554
73	646
73	699
73	901
73	1167
73	1362
73	1505
73	1774
73	1848
73	1886
74	100
74	114
74	157
74	248
74	266
74	270
74	377
74	416
74	480
74	491
74	510
74	524
74	528
74	536
74	716
74	1029
74	1719
74	1859
74	1874
74	1899
74	1982
75	104
75	138
75	145
75	277
75	280
75	283
75	288
75	345
75	401
75	422
75	426
75	486
75	539
75	567
75	714
75	928
75	1008
75	1037
75	1191
75	1307
75	1424
75	1651
75	1854
76	88
76	145
76	180
76	185
76	203
76	323
76	351
76	433
76	435
76	525
76	605
76	647
76	732
76	737
76	870
76	924
76	948
76	1213
76	1222
76	1229
76	1322
76	1431
76	1846
77	94
77	141
77	146
77	162
77	280
77	306
77	326
77	352
77	403
77	431
77	584
77	591
77	628
77	633
77	675
77	1002
77	1079
77	1101
77	1117
77	1303
77	1316
77	1351
77	1705
77	1811
78	138
78	164
78	313
78	334
78	406
78	409
78	434
78	543
78	662
78	669
78	785
78	921
78	1025
78	1215
78	1304
78	1413
78	1421
78	1667
78	1701
78	1766
78	1995
79	80
79	86
79	126
79	152
79	159
79	184
79	370
79	395
79	504
79	629
79	706
79	718
79	746
79	948
79	960
79	1016
79	1252
79	1314
79	1359
79	1430
79	1572
79	1877
79	1941
80	82
80	93
80	94
80	121
80	152
80	157
80	397
80	408
80	411
80	445
80	470
80	529
80	583
80	743
80	794
80	1129
80	1437
80	1693
80	1721
80	1901
81	131
81	132
81	149
81	182
81	192
81	199
81	219
81	302
81	332
81	557
81	640
81	751
81	868
81	930
81	942
81	1035
81	1218
81	1221
81	1245
81	1517
81	1649
81	1711
82	114
82	123
82	207
82	237
82	288
82	325
82	343
82	372
82	546
82	613
82	639
82	815
82	862
82	957
82	960
82	1048
82	1171
82	1185
82	1283
82	1359
82	1368
82	1893
82	1975
83	174
83	176
83	281
83	285
83	387
83	389
83	442
83	451
83	468
83	529
83	581
83	678
83	778
83	825
83	828
83	1259
83	1531
83	1579
83	1716
83	1991
84	86
84	91
84	198
84	249
84	337
84	439
84	496
84	531
84	569
84	675
84	678
84	727
84	793
84	808
84	1023
84	1169
84	1218
84	1258
84	1352
84	1423
84	1452
84	1494
84	1597
84	1743
84	1919
85	110
85	146
85	147
85	240
85	357
85	370
85	379
85	412
85	465
85	498
85	541
85	564
85	610
85	1376
85	1459
85	1571
85	1597
85	1655
85	1915
85	1989
86	105
86	111
86	154
86	170
86	248
86	432
86	439
86	521
86	526
86	579
86	731
86	847
86	890
86	933
86	959
86	1015
86	1231
86	1341
86	1491
86	1724
87	94
87	225
87	300
87	351
87	425
87	433
87	437
87	445
87	480
87	581
87	584
87	746
87	874
87	1207
87	1334
87	1366
87	1404
87	1602
87	1659
87	1964
87	1965
88	117
88	128
88	263
88	353
88	365
88	378
88	388
88	523
88	657
88	670
88	733
88	760
88	801
88	865
88	874
88	929
88	1074
88	1128
88	1350
88	1587
88	1622
88	1961
89	119
89	139
89	151
89	167
89	174
89	279
89	393
89	490
89	504
89	533
89	600
89	685
89	756
89	858
89	926
89	1077
89	1270
89	1361
89	1467
89	1479
89	1678
89	1742
89	1755
90	115
90	133
90	172
90	248
90	310
90	340
90	460
90	477
90	778
90	789
90	834
90	926
90	1019
90	1107
90	1205
90	1235
90	1330
90	1370
90	1500
90	1660
90	1745
90	1933
91	142
91	162
91	284
91	285
91	316
91	337
91	351
91	432
91	549
91	633
91	714
91	733
91	765
91	813
91	959
91	1145
91	1377
91	1439
91	1454
91	1628
91	1666
92	169
92	278
92	303
92	377
92	442
92	451
92	517
92	576
92	641
92	701
92	741
92	988
92	1049
92	1324
92	1325
92	1498
92	1624
92	1766
93	119
93	120
93	151
93	174
93	490
93	546
93	553
93	617
93	740
93	749
93	869
93	891
93	989
93	1002
93	1181
93	1244
93	1257
93	1270
93	1585
93	1702
93	1718
93	1785
94	222
94	298
94	301
94	329
94	407
94	556
94	626
94	894
94	1011
94	1039
94	1274
94	1467
94	1532
94	1643
94	1700
94	1893
94	1920
94	1941
95	157
95	161
95	322
95	329
95	386
95	405
95	487
95	604
95	667
95	694
95	776
95	855
95	918
95	1035
95	1071
95	1214
95	1304
95	1333
95	1374
95	1767
96	106
96	169
96	199
96	223
96	228
96	278
96	323
96	343
96	419
96	442
96	533
96	748
96	1145
96	1257
96	1320
96	1499
96	1550
96	1687
96	1936
96	1940
97	115
97	213
97	227
97	239
97	268
97	291
97	373
97	394
97	484
97	823
97	882
97	957
97	961
97	989
97	1209
97	1253
97	1272
97	1325
97	1560
97	1987
98	109
98	122
98	143
98	170
98	340
98	359
98	441
98	523
98	557
98	571
98	705
98	823
98	872
98	898
98	1082
98	1123
98	1195
98	1537
98	1722
98	1728
98	1739
98	1839
99	116
99	142
99	306
99	331
99	651
99	658
99	661
99	748
99	793
99	882
99	994
99	1155
99	1277
99	1420
99	1456
99	1494
99	1503
99	1742
99	1911
100	138
100	206
100	225
100	406
100	427
100	571
100	623
100	722
100	781
100	879
100	956
100	1020
100	1352
100	1356
100	1457
100	1709
100	1780
100	1988
101	156
101	197
101	232
101	259
101	330
101	348
101	409
101	496
101	534
101	578
101	755
101	1063
101	1122
101	1191
101	1193
101	1389
101	1396
101	1419
101	1460
101	1578
101	1922
102	112
102	126
102	141
102	270
102	354
102	366
102	474
102	499
102	573
102	591
102	625
102	691
102	715
102	866
102	969
102	979
102	1097
102	1372
102	1408
102	1484
103	163
103	220
103	248
103	264
103	353
103	378
103	528
103	614
103	730
103	749
103	814
103	983
103	1083
103	1238
103	1531
104	171
104	215
104	246
104	283
104	317
104	397
104	413
104	414
104	447
104	454
104	539
104	551
104	972
104	986
104	1338
104	1521
104	1761
104	1880
104	1988
105	164
105	223
105	269
105	306
105	388
105	465
105	500
105	575
105	604
105	751
105	757
105	764
105	795
105	852
105	854
105	986
105	1080
105	1243
105	1534
105	1600
105	1775
105	1985
106	125
106	148
106	151
106	156
106	262
106	333
106	430
106	512
106	571
106	592
106	717
106	855
106	871
106	877
106	1169
106	1170
106	1308
106	1413
106	1536
106	1836
107	140
107	171
107	209
107	245
107	322
107	360
107	390
107	406
107	527
107	530
107	740
107	990
107	1007
107	1188
107	1271
107	1296
107	1384
107	1679
107	1685
107	1741
107	1746
107	1819
107	1997
108	110
108	203
108	204
108	239
108	241
108	319
108	364
108	375
108	388
108	426
108	942
108	1038
108	1066
108	1275
108	1465
108	1593
108	1638
108	1677
108	1938
108	1955
109	115
109	122
109	160
109	190
109	272
109	314
109	431
109	592
109	593
109	613
109	688
109	823
109	925
109	1004
109	1153
109	1204
109	1344
109	1442
109	1674
109	1932
110	139
110	142
110	374
110	428
110	585
110	618
110	663
110	668
110	714
110	820
110	1038
110	1071
110	1477
110	1501
110	1663
110	1717
110	1790
111	118
111	165
111	222
111	323
111	460
111	537
111	595
111	622
111	1046
111	1404
111	1439
111	1708
111	1778
111	1885
111	1982
112	124
112	159
112	271
112	304
112	330
112	341
112	377
112	551
112	573
112	789
112	906
112	975
112	981
112	1094
112	1226
112	1276
112	1342
112	1413
112	1627
113	251
113	262
113	317
113	327
113	404
113	441
113	828
113	873
113	1171
113	1192
113	1310
113	1534
113	1620
113	1658
113	1686
113	1757
113	1774
113	1829
113	1923
113	1996
114	115
114	243
114	304
114	344
114	375
114	383
114	435
114	478
114	525
114	536
114	559
114	588
114	651
114	666
114	712
114	1086
114	1369
114	1378
114	1526
114	1813
115	190
115	266
115	272
115	355
115	371
115	499
115	673
115	863
115	1018
115	1023
115	1206
115	1219
115	1416
115	1466
115	1475
115	1713
115	1980
116	129
116	309
116	372
116	379
116	389
116	422
116	456
116	535
116	654
116	706
116	724
116	897
116	985
116	1047
116	1195
116	1212
116	1454
116	1720
116	1944
117	225
117	258
117	263
117	355
117	366
117	474
117	506
117	509
117	564
117	757
117	976
117	1106
117	1249
117	1534
117	1890
117	1954
117	1992
118	124
118	131
118	149
118	157
118	193
118	270
118	286
118	520
118	561
118	678
118	833
118	1088
118	1109
118	1130
118	1316
118	1541
118	1938
118	1959
119	125
119	129
119	130
119	233
119	351
119	356
119	368
119	429
119	438
119	756
119	796
119	828
119	1007
119	1358
119	1392
119	1509
119	1553
119	1638
119	1902
120	122
120	183
120	199
120	223
120	325
120	461
120	532
120	756
120	758
120	958
120	1113
120	1198
120	1211
120	1340
120	1508
120	1511
120	1522
120	1646
121	147
121	159
121	235
121	237
121	275
121	298
121	300
121	303
121	448
121	451
121	532
121	584
121	630
121	957
121	1504
121	1510
121	1743
122	169
122	347
122	445
122	568
122	588
122	619
122	646
122	688
122	823
122	1005
122	1092
122	1146
122	1157
122	1271
122	1583
122	1713
122	1771
123	151
123	232
123	288
123	422
123	466
123	468
123	552
123	563
123	617
123	919
123	942
123	1064
123	1077
123	1114
123	1509
123	1528
123	1561
123	1848
124	145
124	199
124	236
124	304
124	308
124	311
124	363
124	371
124	577
124	763
124	798
124	934
124	1084
124	1134
124	1213
124	1466
124	1539
125	230
125	369
125	402
125	447
125	453
125	464
125	610
125	717
125	899
125	1012
125	1060
125	1094
125	1189
125	1273
125	1344
125	1862
126	149
126	188
126	454
126	548
126	567
126	721
126	807
126	956
126	1053
126	1126
126	1262
126	1650
126	1866
126	1988
127	266
127	290
127	450
127	487
127	517
127	616
127	682
127	737
127	848
127	889
127	1061
127	1159
127	1194
127	1264
127	1317
127	1342
127	1388
127	1423
127	1510
127	1802
127	1894
128	225
128	326
128	341
128	369
128	465
128	509
128	558
128	657
128	854
128	896
128	959
128	1012
128	1268
128	1663
128	1726
128	1768
129	309
129	346
129	363
129	391
129	416
129	447
129	487
129	580
129	664
129	691
129	887
129	894
129	908
129	968
129	977
129	1078
129	1244
129	1880
130	169
130	201
130	218
130	280
130	285
130	350
130	717
130	799
130	857
130	875
130	940
130	1100
130	1489
130	1501
130	1715
131	356
131	376
131	451
131	462
131	470
131	517
131	531
131	562
131	570
131	710
131	789
131	987
131	1315
131	1328
131	1714
131	1780
132	146
132	204
132	241
132	494
132	524
132	542
132	578
132	609
132	941
132	1068
132	1084
132	1092
132	1108
132	1172
132	1574
132	1683
132	1862
132	1919
133	157
133	185
133	262
133	266
133	336
133	545
133	658
133	731
133	807
133	886
133	916
133	1025
133	1267
133	1429
133	1532
133	1894
133	1956
133	1987
134	154
134	210
134	231
134	489
134	547
134	748
134	882
134	1205
134	1231
134	1293
134	1303
134	1319
134	1438
134	1510
134	1577
134	1630
134	1670
134	1743
134	1963
135	156
135	176
135	202
135	302
135	309
135	316
135	360
135	502
135	644
135	679
135	697
135	826
135	1083
135	1150
135	1279
135	1493
135	1555
135	1626
136	149
136	185
136	244
136	256
136	308
136	437
136	470
136	475
136	596
136	792
136	897
136	928
136	977
136	1162
136	1166
136	1260
136	1438
136	1871
137	154
137	173
137	179
137	199
137	265
137	306
137	428
137	488
137	560
137	597
137	847
137	1104
137	1223
137	1697
137	1712
137	1731
137	1783
137	1951
137	1972
138	166
138	236
138	356
138	461
138	615
138	713
138	765
138	846
138	947
138	1005
138	1041
138	1122
138	1189
138	1345
138	1514
138	1554
138	1898
139	184
139	241
139	298
139	370
139	374
139	411
139	442
139	655
139	1091
139	1248
139	1686
139	1696
139	1926
140	197
140	259
140	386
140	431
140	517
140	561
140	623
140	740
140	803
140	914
140	1084
140	1233
140	1353
140	1395
140	1449
140	1627
140	1895
141	155
141	162
141	248
141	265
141	326
141	335
141	337
141	416
141	459
141	484
141	698
141	846
141	1056
141	1148
141	1494
141	1495
141	1503
142	304
142	355
142	531
142	555
142	586
142	591
142	635
142	663
142	777
142	902
142	1106
142	1456
142	1497
142	1688
143	192
143	225
143	259
143	267
143	454
143	580
143	686
143	710
143	831
143	985
143	1073
143	1174
143	1328
143	1604
143	1647
143	1798
143	1842
144	157
144	197
144	233
144	259
144	361
144	424
144	681
144	744
144	779
144	965
144	1205
144	1591
144	1604
144	1773
144	1981
145	208
145	267
145	277
145	304
145	346
145	422
145	792
145	1024
145	1085
145	1097
145	1389
145	1476
145	1582
145	1604
146	173
146	257
146	318
146	479
146	597
146	735
146	1069
146	1135
146	1227
146	1335
146	1821
146	1838
146	1857
147	158
147	217
147	221
147	257
147	274
147	287
147	390
147	564
147	611
147	653
147	856
147	893
147	1258
147	1313
147	1335
148	185
148	336
148	729
148	764
148	790
148	968
148	979
148	1099
148	1177
148	1427
148	1668
148	1702
148	1748
148	1882
149	199
149	202
149	211
149	335
149	368
149	701
149	854
149	1032
149	1191
149	1198
149	1276
149	1327
150	170
150	266
150	283
150	453
150	464
150	547
150	560
150	582
150	601
150	608
150	649
150	741
150	770
150	793
150	798
150	1464
150	1545
150	1731
151	272
151	348
151	368
151	672
151	740
151	834
151	983
151	1045
151	1837
151	1878
151	1904
152	264
152	412
152	448
152	584
152	630
152	800
152	826
152	950
152	979
152	1361
152	1546
152	1602
152	1817
152	1913
153	177
153	211
153	222
153	238
153	433
153	502
153	503
153	520
153	759
153	801
153	839
153	1014
153	1279
153	1353
153	1581
153	1693
153	1838
153	1863
154	168
154	278
154	299
154	328
154	331
154	511
154	555
154	614
154	620
154	674
154	846
154	847
154	856
154	1080
154	1231
154	1382
155	189
155	266
155	269
155	272
155	300
155	369
155	432
155	529
155	541
155	680
155	793
155	827
155	835
155	1465
155	1811
155	1873
156	465
156	708
156	777
156	780
156	784
156	794
156	893
156	1055
156	1193
156	1239
156	1578
156	1711
156	1733
156	1758
157	236
157	284
157	400
157	421
157	453
157	458
157	459
157	811
157	931
157	1474
157	1498
158	257
158	401
158	412
158	419
158	543
158	564
158	661
158	925
158	1227
158	1340
158	1597
158	1653
158	1753
158	1811
158	1916
159	188
159	414
159	639
159	713
159	785
159	809
159	826
159	1173
159	1242
159	1334
159	1335
159	1471
159	1590
159	1659
159	1765
160	272
160	314
160	493
160	538
160	634
160	661
160	778
160	830
160	843
160	844
160	1607
160	1669
160	1723
160	1755
160	1806
160	1888
160	1997
161	163
161	168
161	195
161	218
161	226
161	245
161	307
161	471
161	706
161	731
161	756
161	910
161	1223
161	1954
162	167
162	256
162	330
162	355
162	372
162	443
162	481
162	549
162	845
162	1019
162	1151
162	1413
162	1433
163	264
163	462
163	469
163	509
163	621
163	856
163	930
163	1100
163	1504
163	1756
163	1799
163	1823
164	231
164	246
164	258
164	263
164	330
164	358
164	558
164	684
164	874
164	1041
164	1220
164	1386
164	1583
164	1675
164	1918
165	200
165	436
165	454
165	508
165	528
165	602
165	772
165	864
165	993
165	1016
165	1051
165	1552
165	1685
165	1732
166	198
166	204
166	207
166	340
166	467
166	524
166	557
166	574
166	609
166	673
166	682
166	871
166	1058
166	1390
166	1718
167	174
167	226
167	310
167	347
167	461
167	617
167	756
167	949
167	983
167	1026
167	1393
167	1480
167	1661
168	218
168	224
168	226
168	316
168	486
168	824
168	1309
168	1311
168	1474
168	1570
168	1894
169	239
169	252
169	268
169	369
169	420
169	524
169	615
169	884
169	977
169	1219
169	1479
169	1908
169	1994
170	203
170	439
170	547
170	614
170	760
170	1097
170	1249
170	1270
170	1296
170	1603
170	1731
170	1757
170	1968
171	329
171	447
171	583
171	739
171	786
171	922
171	951
171	967
171	1157
171	1276
171	1359
171	1593
171	1642
171	1673
172	173
172	209
172	229
172	304
172	311
172	676
172	833
172	895
172	1001
172	1043
172	1059
172	1131
172	1772
173	221
173	317
173	398
173	551
173	627
173	692
173	869
173	971
173	1032
173	1628
173	1636
173	1715
173	1975
174	232
174	279
174	337
174	366
174	372
174	381
174	500
174	710
174	895
174	926
174	1028
174	1358
174	1457
174	1503
175	275
175	276
175	347
175	408
175	444
175	628
175	865
175	873
175	937
175	987
175	1069
175	1234
175	1395
175	1497
175	1764
175	1996
176	192
176	211
176	247
176	283
176	349
176	413
176	573
176	659
176	713
176	822
176	850
176	1107
176	1387
176	1581
176	1649
177	262
177	327
177	449
177	515
177	637
177	651
177	773
177	806
177	829
177	892
177	1086
177	1269
177	1318
177	1448
178	220
178	618
178	646
178	697
178	776
178	879
178	1057
178	1065
178	1141
178	1301
178	1341
178	1426
178	1668
178	1857
178	1929
179	193
179	262
179	309
179	407
179	410
179	544
179	785
179	1040
179	1046
179	1151
179	1178
179	1844
180	421
180	446
180	497
180	562
180	666
180	807
180	894
180	923
180	1344
180	1505
180	1684
180	1700
180	1704
180	1729
180	1860
180	1949
181	229
181	253
181	282
181	512
181	568
181	704
181	708
181	1265
181	1280
181	1632
181	1751
181	1877
182	199
182	289
182	332
182	335
182	357
182	384
182	413
182	558
182	644
182	1136
182	1287
182	1368
182	1380
182	1432
183	200
183	297
183	389
183	423
183	451
183	560
183	573
183	664
183	878
183	1056
183	1792
183	1872
183	1970
183	1980
184	248
184	265
184	319
184	340
184	498
184	555
184	601
184	639
184	681
184	980
184	1129
184	1420
184	1708
184	1856
184	1951
185	460
185	464
185	502
185	528
185	556
185	755
185	884
185	921
185	1447
185	1577
185	1730
185	1796
186	207
186	217
186	225
186	258
186	263
186	340
186	465
186	550
186	558
186	728
186	751
186	854
186	1250
186	1574
186	1732
186	1883
187	272
187	300
187	321
187	397
187	399
187	441
187	501
187	550
187	667
187	717
187	825
187	847
187	1153
187	1419
187	1607
187	1918
188	229
188	237
188	320
188	339
188	379
188	408
188	471
188	515
188	1079
188	1491
188	1504
188	1569
188	1599
189	289
189	409
189	464
189	537
189	577
189	617
189	629
189	699
189	704
189	805
189	1580
189	1606
189	1673
190	243
190	351
190	359
190	481
190	485
190	663
190	729
190	768
190	902
190	988
190	998
190	1519
190	1771
191	232
191	281
191	324
191	362
191	396
191	397
191	455
191	591
191	623
191	627
191	877
191	1008
191	1318
191	1767
191	1804
192	199
192	335
192	521
192	600
192	607
192	617
192	683
192	754
192	907
192	1678
192	1920
193	202
193	347
193	420
193	438
193	628
193	634
193	636
193	686
193	728
193	1088
193	1203
193	1209
193	1609
193	1795
193	1985
194	206
194	419
194	462
194	577
194	579
194	631
194	683
194	722
194	763
194	792
194	1115
194	1118
194	1343
194	1651
195	212
195	233
195	312
195	336
195	467
195	486
195	516
195	626
195	728
195	1149
195	1266
195	1521
195	1739
196	391
196	642
196	947
196	1075
196	1181
196	1237
196	1298
196	1346
196	1410
196	1544
196	1629
197	234
197	247
197	295
197	361
197	513
197	732
197	799
197	873
197	1065
197	1358
197	1582
197	1898
198	344
198	345
198	392
198	492
198	498
198	581
198	656
198	945
198	1138
198	1146
198	1373
198	1734
198	1961
199	217
199	294
199	390
199	701
199	1173
199	1432
199	1515
199	1812
200	274
200	550
200	635
200	766
200	1149
200	1189
200	1294
200	1646
200	1686
200	1776
201	230
201	248
201	449
201	528
201	623
201	929
201	940
201	953
201	1357
201	1584
201	1595
201	1596
201	1797
201	1924
202	211
202	220
202	335
202	426
202	597
202	679
202	1042
202	1518
202	1842
202	1849
202	1969
203	337
203	478
203	605
203	781
203	870
203	905
203	924
203	1163
203	1310
203	1369
203	1444
203	1489
203	1545
203	1929
204	207
204	218
204	312
204	560
204	728
204	730
204	1014
204	1050
204	1113
204	1563
204	1674
204	1705
204	1986
205	206
205	274
205	305
205	317
205	395
205	418
205	583
205	627
205	1171
205	1341
205	1618
205	1691
205	1784
205	1850
205	1991
206	211
206	287
206	416
206	423
206	483
206	514
206	625
206	662
206	856
206	1335
206	1404
206	1696
207	303
207	365
207	440
207	465
207	1128
207	1250
207	1254
207	1710
207	1833
207	1865
207	1900
208	240
208	245
208	349
208	463
208	571
208	596
208	885
208	1406
208	1534
208	1589
209	513
209	638
209	782
209	849
209	1048
209	1175
209	1294
209	1433
209	1812
209	1819
210	275
210	498
210	593
210	607
210	990
210	995
210	1138
210	1232
210	1240
210	1354
210	1627
210	1714
210	1952
211	238
211	362
211	462
211	477
211	535
211	891
211	1039
211	1394
212	240
212	298
212	609
212	700
212	730
212	843
212	860
212	900
212	1791
212	1808
212	1875
212	1978
213	236
213	323
213	367
213	551
213	566
213	671
213	780
213	973
213	1109
213	1490
213	1797
213	1941
214	219
214	250
214	283
214	429
214	475
214	492
214	549
214	563
214	667
214	743
214	1025
214	1097
214	1305
215	250
215	261
215	267
215	365
215	475
215	743
215	915
215	1128
215	1328
215	1506
215	1535
216	241
216	334
216	360
216	525
216	572
216	945
216	984
216	1011
216	1209
216	1215
216	1400
216	1433
216	1698
217	535
217	947
217	1033
217	1353
217	1558
217	1680
217	1774
217	1834
217	1920
217	2000
218	235
218	264
218	309
218	325
218	443
218	665
218	795
218	901
218	1065
218	1280
219	270
219	273
219	295
219	396
219	412
219	456
219	565
219	610
219	990
219	1048
219	1131
219	1351
219	1651
219	1825
220	412
220	545
220	790
220	814
220	906
220	1151
220	1153
220	1343
220	1407
220	1666
221	285
221	430
221	674
221	723
221	1182
221	1185
221	1327
221	1504
221	1631
221	1987
222	263
222	432
222	510
222	520
222	592
222	921
222	1125
222	1621
222	1670
222	1768
222	1988
223	289
223	353
223	361
223	554
223	615
223	732
223	794
223	812
223	904
223	1322
223	1769
224	301
224	385
224	387
224	425
224	443
224	533
224	612
224	669
224	701
224	804
224	815
224	1111
224	1664
224	1863
225	276
225	326
225	360
225	365
225	388
225	1083
225	1661
225	1761
226	262
226	330
226	431
226	464
226	658
226	787
226	811
226	866
226	913
226	1068
226	1363
227	246
227	318
227	320
227	399
227	583
227	618
227	643
227	872
227	937
227	1154
227	1155
227	1468
227	1704
227	1735
228	303
228	442
228	527
228	689
228	901
228	940
228	1032
228	1232
228	1303
228	1784
228	1994
229	391
229	440
229	446
229	448
229	805
229	952
229	971
229	1096
229	1154
229	1167
229	1620
229	1640
229	1752
230	277
230	418
230	434
230	453
230	471
230	493
230	610
230	681
230	1089
230	1223
230	1311
230	1550
230	1933
231	276
231	350
231	388
231	474
231	976
231	1195
231	1216
231	1268
231	1347
231	1554
231	1934
231	1935
231	1961
232	367
232	416
232	553
232	594
232	755
232	767
232	1372
232	1447
232	1625
232	1993
233	361
233	496
233	663
233	784
233	904
233	1099
233	1108
233	1514
233	1581
233	1671
233	1837
233	1888
233	1899
234	251
234	305
234	317
234	347
234	632
234	702
234	770
234	851
234	1206
234	1397
234	1869
234	1901
235	254
235	377
235	415
235	460
235	499
235	798
235	976
235	1138
235	1285
236	254
236	410
236	687
236	845
236	899
236	1088
236	1199
236	1525
236	1580
236	1831
237	300
237	313
237	547
237	556
237	619
237	746
237	769
237	815
237	832
237	913
237	1129
237	1290
237	1973
238	335
238	599
238	852
238	1445
238	1474
238	1563
238	1644
238	1756
238	1847
238	1866
239	241
239	411
239	628
239	1012
239	1144
239	1232
239	1408
239	1420
239	1495
239	1867
240	281
240	309
240	312
240	627
240	863
240	996
240	1300
240	1486
240	1694
240	1959
241	319
241	414
241	490
241	550
241	585
241	869
241	880
241	1236
241	1324
242	275
242	304
242	332
242	607
242	782
242	813
242	984
242	1062
242	1213
242	1333
242	1487
242	1598
242	1697
243	262
243	314
243	397
243	608
243	661
243	692
243	1146
243	1243
243	1473
243	1594
243	1771
243	1972
243	1973
244	256
244	340
244	649
244	704
244	760
244	866
244	888
244	1197
244	1290
244	1672
244	1710
244	1724
244	1735
244	1920
245	445
245	617
245	672
245	761
245	785
245	820
245	827
245	931
245	1081
245	1380
245	1744
245	1781
246	297
246	318
246	320
246	348
246	532
246	568
246	584
246	591
246	722
246	726
246	898
246	1141
246	1684
247	259
247	305
247	450
247	779
247	794
247	1082
247	1267
247	1348
247	1413
247	1417
247	1922
248	352
248	391
248	620
248	649
248	677
248	734
248	1362
249	255
249	326
249	500
249	596
249	658
249	720
249	727
249	906
249	1029
249	1365
249	1713
250	344
250	372
250	657
250	776
250	887
250	936
250	1266
250	1563
250	1943
250	1997
251	312
251	420
251	598
251	652
251	781
251	999
251	1063
251	1180
251	1278
251	1485
251	1783
252	343
252	836
252	961
252	1109
252	1310
252	1311
252	1383
252	1458
252	1769
252	1833
252	1853
252	1879
252	1976
253	282
253	344
253	427
253	555
253	971
253	1075
253	1299
253	1609
253	1720
253	1796
253	1897
254	347
254	552
254	570
254	571
254	960
254	1349
254	1461
254	1586
254	1887
255	258
255	313
255	491
255	537
255	595
255	641
255	954
255	1029
255	1039
255	1305
255	1565
255	1873
256	339
256	428
256	481
256	591
256	655
256	715
256	802
256	891
256	1029
256	1058
256	1676
257	342
257	514
257	574
257	610
257	810
257	1395
257	1563
257	1637
257	1883
257	1884
257	1977
258	261
258	500
258	944
258	995
258	1098
258	1181
258	1200
258	1336
258	1624
258	1726
259	422
259	424
259	571
259	965
259	1201
259	1348
259	1578
260	269
260	380
260	466
260	615
260	783
260	790
260	953
260	1070
260	1115
260	1214
260	1297
260	1577
260	1724
261	431
261	643
261	870
261	986
261	1106
261	1145
261	1386
261	1422
261	1471
261	1476
261	1513
261	1527
262	363
262	406
262	499
262	1078
262	1256
262	1759
263	455
263	566
263	643
263	665
263	841
263	1066
263	1291
263	1386
263	1424
264	331
264	521
264	595
264	717
264	754
264	980
264	1071
264	1799
264	1817
265	371
265	567
265	816
265	975
265	1365
265	1417
265	1677
265	1824
265	1913
265	1925
266	410
266	464
266	527
266	810
266	850
266	1289
266	1364
267	304
267	344
267	660
267	786
267	903
267	1068
267	1085
267	1241
267	1283
267	1547
267	1752
268	277
268	367
268	435
268	647
268	818
268	1044
268	1314
268	1711
268	1841
269	300
269	333
269	421
269	693
269	961
269	1184
269	1231
269	1404
269	1649
269	1807
269	1875
269	1981
270	273
270	299
270	577
270	954
270	1183
270	1215
270	1375
270	1741
270	1819
271	407
271	427
271	522
271	598
271	646
271	717
271	847
271	1046
271	1055
271	1325
272	399
272	432
272	888
272	1017
272	1417
272	1570
272	1664
272	1835
273	501
273	577
273	744
273	752
273	869
273	946
273	1130
273	1165
273	1281
273	1296
273	1998
274	330
274	535
274	578
274	708
274	814
274	986
274	999
274	1072
274	1209
274	1577
274	1728
275	311
275	318
275	731
275	740
275	763
275	859
275	990
275	1213
275	1286
276	326
276	356
276	370
276	654
276	657
276	757
276	910
276	929
276	944
276	1051
276	1527
276	1696
277	328
277	1066
277	1174
277	1184
277	1312
277	1381
277	1407
277	1488
277	1734
277	1847
278	439
278	535
278	589
278	760
278	808
278	809
278	996
278	1212
278	1656
278	1680
279	334
279	482
279	526
279	606
279	745
279	969
279	978
279	1385
279	1709
279	1826
279	1956
280	305
280	309
280	429
280	642
280	912
280	1123
280	1381
280	1525
280	1787
280	1921
281	298
281	419
281	808
281	864
281	892
281	988
281	1223
281	1323
281	1909
281	1924
282	305
282	380
282	596
282	681
282	792
282	877
282	997
282	1155
282	1446
282	1635
283	524
283	663
283	758
283	1218
283	1312
283	1424
283	1611
283	1866
283	1955
284	342
284	362
284	437
284	475
284	630
284	972
284	1333
284	1447
284	1792
284	1800
284	1854
284	1956
285	419
285	430
285	458
285	787
285	917
285	1182
285	1731
285	1814
285	1976
286	534
286	676
286	1007
286	1033
286	1165
286	1176
286	1260
286	1283
286	1325
286	1470
286	1693
286	1786
286	1914
287	412
287	453
287	625
287	748
287	788
287	1073
287	1425
287	1832
287	1839
287	1943
288	383
288	506
288	876
288	1052
288	1163
288	1594
288	1679
288	1900
288	1965
289	323
289	333
289	410
289	654
289	694
289	811
289	917
289	981
289	1213
289	1399
290	460
290	480
290	549
290	662
290	685
290	823
290	1125
290	1214
290	1301
290	1535
290	1829
290	1911
291	387
291	586
291	612
291	690
291	842
291	1069
291	1292
291	1600
291	1620
291	1956
292	518
292	557
292	700
292	941
292	1144
292	1221
292	1450
292	1547
292	1574
292	1914
292	1986
293	299
293	425
293	624
293	645
293	762
293	1065
293	1450
293	1614
293	1617
293	1643
293	1701
293	1868
294	319
294	585
294	667
294	754
294	867
294	912
294	1345
294	1548
294	1677
294	1753
294	1989
295	386
295	987
295	1144
295	1256
295	1315
295	1354
295	1434
295	1445
295	1714
295	1757
295	1967
296	313
296	327
296	522
296	598
296	634
296	928
296	1062
296	1354
296	1708
296	1795
296	1901
297	325
297	355
297	472
297	520
297	811
297	827
297	1608
297	1872
297	1909
298	543
298	668
298	1252
298	1669
298	1963
299	532
299	735
299	812
299	899
299	1022
299	1087
299	1203
299	1207
299	1334
299	1776
300	588
300	651
300	943
300	1134
300	1707
300	1822
300	1893
301	379
301	471
301	613
301	655
301	815
301	970
301	1095
301	1401
301	1719
301	1740
302	332
302	502
302	1140
302	1143
302	1198
302	1314
302	1642
302	1854
302	1883
302	1898
303	457
303	884
303	923
303	1044
303	1127
303	1665
303	1667
304	653
304	699
304	765
304	859
304	1470
304	1984
305	447
305	540
305	656
305	691
305	792
305	885
305	1024
305	1839
305	1989
306	401
306	449
306	511
306	582
306	601
306	813
306	1435
306	1449
306	1652
306	1972
307	341
307	376
307	524
307	668
307	788
307	1392
307	1404
307	1518
308	309
308	319
308	422
308	498
308	645
308	663
308	907
308	1102
308	1157
308	1624
308	1905
309	419
309	477
309	572
309	1327
309	1953
310	352
310	538
310	670
310	781
310	793
310	1110
310	1217
310	1642
310	1826
310	1999
311	320
311	371
311	439
311	461
311	1058
311	1343
311	1508
311	1780
311	1927
312	373
312	455
312	486
312	696
312	844
312	860
312	1406
312	1409
312	1483
313	510
313	529
313	712
313	733
313	901
313	1759
313	1933
313	1960
314	399
314	466
314	538
314	821
314	909
314	955
314	1424
314	1448
314	1473
314	1607
315	477
315	590
315	591
315	633
315	839
315	845
315	1300
315	1325
315	1495
315	1643
315	1912
315	1944
316	503
316	515
316	711
316	717
316	761
316	843
316	1071
316	1307
317	331
317	527
317	636
317	775
317	861
317	1767
317	1814
318	320
318	539
318	569
318	606
318	877
318	1408
318	1601
318	1656
318	1874
319	507
319	590
319	683
319	784
319	1172
319	1306
319	1460
319	1696
320	365
320	448
320	638
320	1367
320	1411
320	1570
321	399
321	661
321	701
321	729
321	847
321	1064
321	1092
321	1171
321	1353
321	1740
322	383
322	421
322	538
322	594
322	835
322	1013
322	1086
322	1238
322	1269
322	1551
322	1640
323	389
323	406
323	527
323	869
323	1507
323	1681
323	1838
324	390
324	402
324	416
324	437
324	707
324	753
324	911
324	950
324	976
324	1030
324	1538
325	349
325	458
325	775
325	853
325	993
325	1318
326	376
326	474
326	644
326	801
326	881
326	952
326	1159
326	1819
327	347
327	364
327	381
327	511
327	636
327	1302
327	1383
328	454
328	481
328	673
328	743
328	771
328	821
328	991
328	1158
328	1284
328	1462
328	1739
328	1931
329	436
329	703
329	773
329	848
329	889
329	1059
329	1125
329	1140
329	1366
329	1641
329	1830
330	510
330	631
330	693
330	1197
330	1576
330	1710
330	1891
330	1983
331	408
331	428
331	626
331	1216
331	1491
331	1540
331	1554
332	385
332	907
332	1029
332	1080
332	1120
332	1235
333	409
333	594
333	614
333	631
333	912
333	1011
333	1278
333	1529
333	1777
334	368
334	395
334	526
334	836
334	968
334	1002
334	1993
335	362
335	385
335	432
335	1005
335	1411
336	573
336	580
336	591
336	652
336	707
336	790
336	993
336	1004
336	1604
336	1703
337	347
337	642
337	795
337	1436
337	1503
337	1811
338	390
338	647
338	804
338	838
338	1000
338	1380
338	1693
338	1712
338	1734
338	1767
339	706
339	718
339	841
339	971
339	1022
339	1087
339	1567
339	1772
340	341
340	350
340	582
340	770
340	959
340	1606
341	1017
341	1041
341	1210
341	1261
341	1355
341	1642
341	1849
341	1876
342	446
342	660
342	686
342	736
342	1321
342	1521
342	1720
342	1747
342	1774
342	1840
343	389
343	498
343	510
343	557
343	611
343	808
343	1264
343	1411
343	1619
344	545
344	1468
344	1488
344	1761
344	1793
344	1880
345	624
345	663
345	665
345	714
345	1347
345	1447
345	1947
345	1966
346	549
346	560
346	738
346	846
346	975
346	1070
346	1552
346	1659
346	1705
346	1952
347	379
347	452
347	904
347	1783
347	1855
348	425
348	446
348	497
348	618
348	727
348	883
348	1096
348	1380
348	1434
349	436
349	817
349	831
349	988
349	1315
349	1540
349	1737
349	1823
350	365
350	500
350	504
350	764
350	1058
350	1109
350	1268
350	1834
350	1977
351	493
351	651
351	745
351	812
351	924
351	1052
351	1507
352	382
352	521
352	554
352	765
352	1617
352	1645
353	469
353	485
353	708
353	891
353	965
353	1133
353	1805
353	1974
354	405
354	434
354	444
354	606
354	685
354	726
354	739
354	862
354	915
354	1366
354	1388
354	1767
355	481
355	529
355	567
355	1478
355	1523
355	1606
355	1826
355	1998
356	358
356	478
356	576
356	780
356	893
356	1079
356	1842
357	457
357	879
357	888
357	909
357	1043
357	1196
357	1254
358	361
358	534
358	615
358	767
358	914
358	1169
358	1282
358	1322
358	1996
359	399
359	485
359	702
359	768
359	791
359	1047
359	1164
359	1271
359	1751
359	1904
360	517
360	705
360	849
360	1036
360	1048
360	1053
360	1466
361	397
361	427
361	708
361	713
361	848
361	1532
361	1834
362	427
362	456
362	553
362	759
362	766
362	767
362	878
362	1022
363	414
363	561
363	580
363	602
363	1097
363	1102
363	1338
363	1658
364	409
364	550
364	585
364	712
364	1027
364	1056
364	1523
364	1926
365	914
365	986
365	1736
365	1800
365	1815
366	393
366	499
366	648
366	930
366	1175
366	1196
366	1499
366	1585
366	1982
367	448
367	451
367	612
367	1122
367	1253
367	1272
367	1549
368	381
368	419
368	666
368	742
368	775
368	1934
369	865
369	874
369	1220
369	1250
369	1361
369	1512
369	1890
369	1977
370	564
370	609
370	749
370	879
370	1000
370	1187
370	1395
370	1966
371	523
371	607
371	624
371	653
371	1165
371	1555
371	1589
372	714
372	840
372	1312
372	1347
372	1824
373	374
373	467
373	471
373	574
373	590
373	700
373	941
373	1238
373	1365
373	1661
374	401
374	411
374	811
374	815
374	915
374	1375
374	1480
374	1753
375	480
375	512
375	616
375	658
375	772
375	1035
375	1317
375	1330
375	1863
376	429
376	443
376	629
376	638
376	1192
376	1764
376	1807
376	1876
376	1885
377	386
377	464
377	647
377	783
377	829
377	911
377	1382
377	1595
378	595
378	597
378	980
378	1241
378	1384
378	1519
378	1704
378	1923
379	423
379	841
379	1049
379	1057
379	1156
379	1477
379	1598
380	427
380	902
380	906
380	1016
380	1035
380	1573
380	1865
381	386
381	968
381	1054
381	1067
381	1194
381	1513
381	1580
381	1798
382	430
382	692
382	875
382	1733
383	506
383	541
383	548
383	587
383	843
383	1275
383	1297
383	1790
384	419
384	513
384	536
384	609
384	632
384	818
384	868
384	1326
384	1681
385	640
385	830
385	907
385	1051
385	1139
385	1167
385	1432
385	1644
386	638
386	798
386	807
386	833
386	1042
386	1968
387	438
387	476
387	484
387	503
387	632
387	898
387	1348
388	816
388	952
388	1014
388	1691
388	1737
388	1815
388	1907
389	423
389	459
389	1469
389	1486
390	771
390	837
390	852
390	1028
391	465
391	650
391	666
391	726
391	1089
391	1230
392	414
392	446
392	472
392	878
392	1331
392	1478
392	1535
392	1550
392	1670
393	434
393	455
393	735
393	795
393	1351
393	1451
393	1621
393	1837
394	627
394	683
394	690
394	713
394	941
394	973
394	1150
394	1421
394	1677
395	466
395	695
395	1547
395	1555
395	1662
395	1690
396	730
396	774
396	878
396	920
396	1021
396	1358
396	1586
396	1712
396	1804
397	830
397	1442
397	1552
397	1826
397	1945
398	426
398	544
398	731
398	750
398	836
398	1136
398	1257
398	1353
398	1457
398	1479
398	1587
399	936
399	999
399	1268
399	1272
399	1703
400	476
400	498
400	578
400	614
400	840
400	1045
400	1064
400	1506
401	502
401	605
401	619
401	1233
401	1277
401	1565
402	437
402	752
402	755
402	1412
402	1542
402	1940
402	1970
403	501
403	544
403	562
403	682
403	710
403	750
403	752
403	863
403	996
403	1170
403	1555
404	600
404	1060
404	1067
404	1243
404	1569
404	1665
404	1725
405	505
405	703
405	1141
405	1163
405	1180
405	1214
405	1264
405	1295
406	460
406	794
406	864
406	1969
407	422
407	613
407	706
407	963
407	1026
407	1134
407	1207
407	1283
407	1363
408	839
408	873
408	1016
408	1057
408	1090
408	1653
408	1864
408	1985
409	693
409	1644
409	1903
410	415
410	487
410	738
410	761
410	814
410	1015
410	1726
411	534
411	785
411	830
411	1027
411	1059
411	1416
412	585
412	747
412	1562
413	422
413	470
413	723
413	802
413	1150
413	1380
414	476
414	599
414	935
414	1293
414	1360
414	1843
414	1871
415	455
415	501
415	622
415	726
415	836
415	1459
415	1467
415	1522
416	767
416	1318
416	1510
416	1665
416	1746
417	494
417	516
417	574
417	590
417	692
417	837
417	1110
417	1117
417	1591
417	1794
417	1812
418	420
418	508
418	533
418	634
418	1614
418	1789
418	1814
418	1990
419	671
419	773
419	1158
419	1895
420	489
420	519
420	535
420	546
420	1332
420	1517
420	1799
420	1850
421	503
421	908
421	1160
421	1193
421	1332
421	1769
421	1957
422	629
422	896
422	1162
422	1559
423	550
423	758
423	836
423	1047
423	1436
424	559
424	562
424	573
424	707
424	800
424	894
424	1108
424	1403
424	1615
424	1682
425	706
425	809
425	863
425	1602
425	1929
425	1960
426	483
426	714
426	991
426	1715
426	1897
426	1953
427	460
427	1305
427	1391
427	1633
428	481
428	504
428	648
428	760
428	932
428	1538
428	1912
429	492
429	586
429	935
429	1078
429	1300
429	1331
429	1478
430	780
430	884
430	1072
430	1168
430	1324
430	1459
430	1909
431	504
431	526
431	733
431	741
431	813
431	1205
431	1512
432	995
432	1531
432	1816
433	735
433	737
433	945
433	1088
433	1222
433	1361
433	1397
434	1118
434	1155
434	1488
434	1595
434	1766
434	1849
435	478
435	780
435	809
435	1201
435	1418
435	1502
436	514
436	550
436	753
436	809
436	902
436	1755
437	604
437	1021
437	1467
437	1805
437	1970
438	460
438	467
438	552
438	774
438	838
438	978
438	1112
438	1440
439	695
439	738
439	810
439	882
439	1110
439	1346
440	704
440	1118
440	1119
440	1304
440	1416
440	1465
440	1695
441	508
441	1004
441	1164
441	1701
441	1901
442	551
442	716
442	742
442	768
442	1034
443	827
443	833
443	974
443	1289
443	1391
443	1610
443	1619
444	473
444	482
444	1031
444	1205
444	1548
444	1607
444	1658
444	1821
445	703
445	746
445	812
445	825
445	1066
445	1304
445	1682
446	736
446	795
446	907
446	1000
446	1220
446	1273
447	797
447	985
447	1043
447	1826
448	492
448	513
448	1505
448	1947
449	485
449	506
449	642
449	745
449	1431
449	1831
450	884
450	905
450	1189
450	1239
450	1557
450	1591
450	1842
450	1878
451	570
451	1411
451	1630
451	1991
452	563
452	574
452	724
452	821
452	1123
452	1469
452	1559
452	1590
452	1636
453	464
453	551
453	871
453	981
453	992
454	1102
454	1137
454	1204
454	1330
455	759
455	767
455	911
455	1592
456	539
456	656
456	848
456	893
456	951
456	1469
456	1720
456	1793
457	551
457	576
457	662
457	857
457	1579
457	1895
458	522
458	637
458	1015
458	1364
458	1667
458	1748
458	1782
458	1876
459	620
459	810
459	975
459	1161
459	1220
459	1254
459	1998
460	859
460	910
460	1614
461	534
461	713
461	780
461	1010
461	1038
461	1096
462	572
462	616
462	782
462	849
462	1151
462	1272
462	1487
463	537
463	577
463	649
463	789
463	866
463	956
463	1730
463	1796
464	928
464	1351
464	1886
465	568
465	1243
465	1557
465	1800
466	574
466	848
466	967
466	1197
466	1493
466	1769
467	521
467	748
467	826
467	1014
467	1141
467	1805
468	600
468	606
468	699
468	1688
468	1782
468	1971
469	589
469	690
469	723
469	734
469	1072
469	1283
469	1432
469	1806
469	1869
470	960
470	1087
470	1913
471	833
471	1087
471	1223
471	1652
471	1749
472	568
472	1036
472	1379
472	1974
473	544
473	600
473	1064
473	1393
473	1541
473	1564
473	1840
474	665
474	790
474	865
474	1526
474	1726
474	1747
474	1927
475	645
475	651
475	1476
475	1801
475	1809
475	1996
476	492
476	719
476	773
476	866
476	1212
476	1809
476	1966
477	927
477	960
477	1247
477	1311
477	1319
477	1396
477	1885
478	552
478	594
478	806
478	1009
478	1279
478	1509
478	1935
479	514
479	564
479	610
479	625
479	916
479	1043
479	1281
480	597
480	684
480	918
480	1024
480	1422
480	1922
481	554
481	573
481	733
481	992
481	1953
482	544
482	609
482	949
482	1031
482	1270
482	1390
482	1527
482	1561
482	1821
483	598
483	783
483	867
483	1048
483	1187
483	1863
484	537
484	1286
484	1310
484	1583
485	586
485	670
485	688
485	831
485	874
485	1195
485	1793
486	516
486	700
486	1056
486	1139
486	1409
486	1970
487	889
487	974
487	1539
487	1569
488	539
488	540
488	657
488	673
488	694
488	1074
488	1119
488	1747
488	1952
489	511
489	731
489	748
489	816
489	1116
489	1221
489	1526
489	1558
490	903
490	946
490	1622
490	1676
490	2000
491	697
491	1030
491	1240
491	1397
491	1404
491	1684
491	1948
491	1982
492	506
492	1219
492	1244
492	1582
492	1840
492	1910
493	496
493	627
493	1361
493	1946
494	592
494	701
494	860
494	1113
494	1161
494	1265
494	1772
494	1805
495	640
495	734
495	921
495	1068
495	1071
495	1145
495	1802
495	1911
496	771
496	788
496	861
496	950
496	1003
496	1870
497	554
497	603
497	681
497	699
497	1322
497	1774
498	840
498	850
498	1037
498	1327
499	648
499	700
499	745
499	755
499	842
500	522
500	620
500	762
500	801
500	1243
501	667
501	696
501	710
501	803
501	1048
501	1070
501	1170
502	867
502	1003
502	1704
503	682
503	901
503	1499
503	1781
503	1861
503	1962
504	994
504	1147
504	1319
504	1391
504	1396
505	827
505	1061
505	1293
505	1415
505	1502
505	1568
505	1931
506	510
506	712
506	729
506	984
506	1026
506	1088
507	867
507	1006
507	1027
507	1290
507	1321
507	1820
508	864
508	887
508	1008
508	1045
508	1896
509	545
509	595
509	838
509	1749
509	1951
510	781
510	1061
510	1234
510	1536
510	1599
511	519
511	531
511	875
511	949
511	1202
512	791
512	816
512	872
512	1089
512	1144
512	1567
512	1671
513	898
513	923
513	963
513	1014
513	1143
513	1468
514	996
514	1039
514	1655
514	1961
515	556
515	957
515	1283
515	1516
515	1653
515	1707
515	1892
516	546
516	603
516	729
516	876
516	982
517	542
517	877
517	915
517	1434
517	1598
518	575
518	636
518	837
518	965
518	1139
518	1242
518	1347
518	1621
518	1972
519	542
519	601
519	620
519	678
519	759
519	878
519	943
519	1428
520	833
520	1084
520	1099
520	1183
520	1350
520	1816
520	1914
521	543
521	595
521	1370
521	1426
522	1092
522	1112
522	1285
522	1856
523	538
523	677
523	768
523	1146
523	1271
523	1322
523	1829
523	1938
524	876
524	1121
524	1373
524	1836
524	1986
525	676
525	712
525	938
525	1162
525	1519
526	615
526	616
526	1541
526	1603
526	1662
526	1904
527	1656
528	906
528	1253
528	1364
528	1405
529	576
529	704
529	716
529	842
529	1023
530	1025
530	1340
530	1565
531	580
531	776
531	1160
531	1292
531	1362
532	581
532	641
532	1116
532	1168
532	1269
532	1613
533	858
533	942
533	1538
533	1903
534	566
534	1133
534	1267
534	1773
534	1966
535	1691
535	1784
536	617
536	702
536	820
536	916
536	1006
536	1558
537	1274
537	1337
537	1717
537	1870
538	613
538	725
538	913
538	1309
539	580
539	1441
539	1541
539	1618
540	549
540	622
540	633
540	806
540	839
540	1349
541	605
541	1029
541	1537
541	1633
541	1650
542	590
542	730
542	982
542	1104
542	1107
543	680
543	1238
543	1384
543	1795
544	1028
544	1415
544	1779
545	555
545	644
545	1517
545	1623
545	1813
546	800
546	813
546	1006
546	1049
546	1750
547	633
547	1730
547	1964
548	629
548	835
548	1061
548	1249
548	1575
548	1576
549	614
549	1303
549	1724
549	1811
550	622
550	643
551	1032
551	1566
552	695
552	769
552	1590
552	1665
552	1770
553	630
553	909
553	920
553	989
553	1230
553	1736
553	1754
554	555
554	1085
554	1487
554	1737
555	586
555	1741
555	1853
556	630
556	854
556	885
556	908
556	1363
556	1780
557	609
557	1044
557	1072
557	1242
557	1639
558	582
558	763
558	1159
558	1193
558	1291
558	1723
559	642
559	777
559	797
559	870
559	947
559	1339
559	1551
559	1958
560	667
560	741
560	1297
560	1779
561	829
561	1173
561	1405
561	1481
561	1804
561	1808
561	1812
562	676
562	803
562	937
562	1178
562	1757
563	758
563	797
563	977
563	1020
563	1033
563	1455
564	619
564	1560
564	1807
565	570
565	586
565	620
565	638
565	1007
565	1130
565	1190
566	1003
566	1245
566	1530
566	1544
566	1568
567	586
567	633
567	742
567	760
567	960
567	1656
568	666
568	669
568	872
568	1250
569	805
569	1308
569	1616
569	1632
569	1889
570	609
570	919
570	934
570	1115
570	1215
570	1744
571	605
571	886
571	1756
572	679
572	850
572	1120
572	1298
572	1419
572	1841
572	1861
573	885
573	1348
574	961
574	1047
574	1050
575	590
575	673
575	852
575	1124
575	1582
575	1787
575	1978
576	784
576	970
576	1158
576	1259
576	1954
576	1981
577	705
577	1281
577	1660
577	1671
578	661
578	1209
578	1334
578	1599
578	1691
578	1789
579	722
579	782
579	934
579	949
579	1033
579	1234
579	1757
579	1987
580	584
580	1726
581	592
581	607
581	789
581	1529
581	1546
582	675
582	825
582	1217
582	1457
582	1735
582	1835
583	641
583	997
583	1178
583	1245
583	1581
583	1892
584	1277
584	1652
584	1960
584	1973
585	911
585	1636
585	1649
585	1991
586	678
586	1377
587	623
587	755
587	804
587	953
587	1021
587	1195
587	1372
587	1625
587	1771
588	660
588	785
588	862
588	936
588	1120
588	1159
588	1490
589	621
589	1072
589	1114
589	1349
589	1873
589	1907
590	878
590	966
590	1409
590	1568
591	1331
591	1396
592	669
592	1761
592	1800
592	1830
593	661
593	681
593	935
593	1046
593	1206
593	1860
594	613
594	881
594	1052
594	1361
594	1622
595	1073
595	1374
595	1836
596	855
596	1121
596	1192
596	1246
596	1270
596	1673
597	685
597	1509
597	1942
598	752
598	1059
598	1173
598	1690
598	1927
598	1932
599	950
599	1146
599	1224
599	1390
599	1419
599	1698
600	896
600	1041
600	1414
600	1792
600	1975
601	722
601	1585
601	1628
601	1724
602	689
602	852
602	1033
602	1082
602	1152
602	1360
602	1516
603	1135
603	1308
603	1313
603	1355
603	1789
603	1950
604	755
604	967
604	1320
604	1398
604	1851
604	2000
605	621
605	642
605	712
606	1177
606	1414
606	1483
606	1524
606	1677
606	1709
607	1033
607	1354
607	1483
607	1899
608	655
608	927
608	1308
608	1501
608	1523
608	1926
609	830
609	1482
610	1199
610	1254
610	1320
611	665
611	726
611	820
611	1044
611	1282
611	1321
611	1344
612	621
612	732
612	842
612	1306
612	1326
613	707
613	1156
613	1536
613	1615
614	726
615	1460
615	1974
616	1103
616	1143
616	1418
616	1612
617	1246
617	1287
617	1547
618	1012
618	1170
618	1369
618	1793
618	1874
619	668
619	671
619	1736
619	1955
620	1134
620	1764
620	1972
621	632
621	638
621	1564
622	1190
622	1300
622	1667
622	1732
623	909
623	1279
623	1956
624	914
624	1182
624	1462
624	1600
624	1825
624	1914
625	856
625	1028
625	1350
626	1009
626	1141
626	1185
627	996
627	1078
628	788
628	1104
628	1105
628	1210
629	647
629	659
629	694
629	711
630	1465
630	1702
630	1834
630	1937
631	724
631	994
631	1199
631	1256
631	1608
631	1703
632	828
632	866
632	902
632	945
632	961
633	726
633	1471
633	1815
634	804
634	873
634	937
634	1234
634	1753
635	836
635	1143
635	1206
635	1371
635	1511
635	1732
635	1945
636	1138
636	1397
636	1850
637	715
637	1223
637	1340
637	1831
638	798
638	1512
638	1942
639	683
639	1058
639	1366
639	1368
639	1685
639	1853
640	738
640	933
640	1168
640	1490
640	1841
641	707
641	1089
641	1607
641	1721
641	1749
642	679
642	1742
643	751
643	835
643	964
643	1663
644	819
644	1903
644	1958
645	943
645	1444
645	1453
645	1464
645	1761
645	1918
646	680
646	1344
646	1566
647	652
647	743
647	1801
647	1876
648	973
648	1273
648	1412
648	1844
648	1855
649	688
649	727
649	1691
650	687
650	702
650	1147
650	1186
650	1360
650	1762
650	1772
651	812
651	1192
651	1820
652	724
652	1768
652	1857
652	1885
652	1921
653	732
653	737
653	895
653	919
653	1461
653	1984
654	923
654	954
654	1176
655	801
655	1255
655	1306
656	706
656	736
656	799
656	889
656	1402
656	1476
657	762
657	942
657	1937
658	1070
658	1118
658	1212
659	753
659	816
659	1126
659	1140
659	1605
660	718
660	809
660	917
660	997
660	1949
661	1846
662	767
662	925
662	1932
663	691
663	1580
664	711
664	776
664	861
664	959
664	1092
664	1249
665	929
665	1379
665	1581
665	1744
666	725
666	1567
667	1558
668	982
668	1717
668	1782
668	1785
669	682
669	703
669	737
669	956
669	1450
670	1211
670	1583
670	1594
670	1723
670	1945
671	800
671	1253
671	1331
671	1601
672	788
672	872
672	938
672	1103
672	1143
672	1845
673	689
673	1381
673	1454
674	748
674	778
674	1300
674	1454
674	1595
674	1915
675	822
675	1605
675	1745
675	1852
676	752
676	1059
676	1180
676	1337
677	757
677	1005
677	1442
677	1492
677	1654
677	1676
677	1722
678	844
678	1197
678	1264
679	1298
679	1534
679	1861
680	834
680	1096
680	1373
681	1089
681	1601
682	774
682	1031
682	1354
682	1983
683	808
683	917
683	1334
683	1539
684	703
684	956
684	1271
684	1464
684	1569
684	1845
685	694
685	766
685	1446
686	1225
686	1500
686	1728
687	998
687	1045
687	1148
687	1266
687	1685
687	1864
688	1440
688	1568
688	1908
689	870
689	1098
689	1450
689	1522
690	703
690	851
690	1326
690	1881
690	1939
691	719
691	972
691	1078
691	1570
692	827
692	1871
693	990
693	1323
693	1549
693	1954
693	1989
694	1103
694	1942
695	920
695	1120
695	1257
695	1967
696	881
696	924
696	1010
696	1418
696	1962
697	930
697	1044
697	1093
697	1175
697	1610
698	911
698	961
698	1486
698	1564
699	762
699	877
699	1201
699	1472
700	705
700	919
700	1814
700	1999
701	799
701	1030
702	880
702	1565
702	1872
702	1976
703	998
703	1366
704	1190
704	1266
705	710
705	943
705	962
705	1634
705	1807
706	1091
706	1877
707	1514
707	1535
707	1960
708	1678
708	1888
709	759
709	815
709	1062
709	1191
709	1207
709	1816
709	1823
709	1937
710	890
710	1208
710	1320
711	823
711	1041
711	1131
711	1273
711	1331
711	1817
712	1813
712	1977
713	1443
713	1576
714	922
714	1331
714	1392
715	781
715	832
715	1171
715	1683
716	851
716	883
716	1402
716	1408
717	1387
717	1995
718	926
718	1130
718	1192
718	1644
718	1892
719	840
719	1091
719	1224
719	1520
719	1756
720	823
720	824
720	1349
720	1378
720	1576
720	1748
721	832
721	875
721	913
721	1000
721	1029
721	1074
721	1481
722	1001
722	1449
722	1700
722	1782
723	863
723	973
723	1019
723	1579
723	1827
724	1091
724	1156
724	1564
725	767
725	889
725	931
725	998
725	1803
726	1472
726	1635
727	845
727	1199
727	1828
727	1981
728	735
728	1047
728	1199
728	1456
729	830
729	1491
730	1955
731	975
731	1319
732	999
732	1101
732	1533
733	789
733	1385
733	1647
734	784
734	1302
734	1845
735	860
735	1639
735	1928
736	819
736	1084
736	1144
736	1559
737	1229
737	1890
738	802
738	1365
738	1856
739	746
739	845
739	1342
739	1445
740	1009
740	1180
740	1666
741	822
741	1018
741	1951
742	831
742	1316
742	1516
742	1935
743	1371
743	1427
744	1170
744	1183
744	1407
744	1462
745	892
746	1116
746	1740
747	812
747	951
747	1185
747	1403
747	1634
747	1832
748	776
749	1308
749	1852
750	911
750	1028
750	1185
750	1385
750	1689
751	814
751	983
751	1048
751	1350
752	1131
752	1942
753	1554
753	1619
753	1851
754	791
754	992
754	1132
754	1198
755	989
756	1550
756	1846
756	1947
757	931
757	1106
757	1210
757	1516
758	1284
758	1728
758	1798
759	1371
759	1446
759	1746
760	1672
761	1174
761	1559
761	1859
761	1946
762	1043
762	1291
762	1379
762	1455
763	1142
763	1598
763	1907
764	944
764	980
764	1248
764	1675
764	1716
765	1142
765	1506
765	1593
765	1647
766	769
766	783
766	926
766	949
767	987
768	1083
768	1475
768	1842
769	946
769	1002
769	1042
769	1237
769	1386
770	832
770	1186
770	1452
770	1491
770	1552
771	1123
771	1176
771	1462
772	1342
772	1374
772	1658
772	1668
772	1709
773	844
773	1904
773	1922
773	1962
774	1080
774	1147
774	1891
775	1225
775	1584
775	1686
776	1341
776	1596
777	1348
777	1372
778	976
778	1324
779	1067
779	1971
779	1992
780	1524
781	880
781	1673
782	859
782	1652
783	806
783	1431
783	1988
784	1183
784	1557
785	1090
786	938
786	1073
786	1688
786	1799
787	1099
787	1127
787	1315
788	1111
789	1439
790	919
790	1699
791	883
791	1017
791	1457
791	1860
792	951
792	1109
793	981
793	1765
793	1865
794	1013
794	1537
795	1519
795	1536
795	1733
796	809
796	927
796	983
796	1345
796	1346
796	1676
796	1689
797	922
797	1458
798	1445
799	940
799	1101
799	1239
800	914
800	1110
800	1369
801	865
801	1744
802	1255
802	1341
802	1727
803	993
803	1455
803	1829
803	1905
804	1203
804	1846
804	1850
805	864
805	1201
805	1415
805	1859
806	881
806	1088
806	1983
807	913
807	956
807	1196
807	1908
808	1129
808	1612
808	1623
809	1750
810	861
810	1065
810	1391
810	1628
811	1274
811	1350
811	1797
812	1129
812	1803
813	846
813	969
813	1627
814	1373
815	1090
815	1473
817	872
817	1023
817	1126
817	1165
817	1452
818	869
818	1008
818	1602
818	1715
819	871
819	1012
819	1616
819	1650
820	923
820	1260
820	1290
821	1164
821	1241
821	1729
822	1216
822	1218
822	1295
822	1316
823	1980
824	885
824	1118
824	1265
824	1306
825	1135
825	1153
825	1219
825	1583
826	935
826	1116
826	1363
827	1065
828	1168
828	1336
828	1889
829	1371
829	1382
829	1413
830	1082
831	864
831	1755
832	1160
832	1216
833	1261
834	1060
834	1077
835	1274
835	1364
835	1511
835	1667
836	1493
837	917
837	1050
837	1121
838	886
838	931
838	1323
838	1543
838	1749
839	1390
839	1402
839	1871
840	997
840	1370
840	1507
841	894
841	1066
841	1750
841	1945
842	1662
843	871
843	1104
843	1772
843	1791
844	1229
844	1418
844	1573
844	1719
845	881
845	1110
845	1835
846	1172
846	1640
847	1235
848	1125
848	1460
849	1133
849	1268
849	1662
849	1725
849	1997
850	1217
850	1485
851	958
851	1599
851	1930
852	1333
853	1081
853	1186
853	1511
853	1588
853	1980
854	945
854	1220
854	1470
855	999
855	1690
855	1733
855	1858
856	1289
856	1725
857	875
857	1003
857	1557
858	946
858	1042
858	1054
858	1525
858	1553
858	1890
859	1502
859	1627
859	1855
860	1426
860	1613
860	1995
861	994
861	1828
862	1057
862	1450
862	1621
862	1809
863	1307
863	1459
865	1016
865	1272
866	1040
866	1759
867	992
867	1086
867	1626
868	903
868	1212
868	1272
868	1490
869	988
869	1060
870	888
870	920
871	1429
871	1591
871	1674
872	963
873	1789
873	1803
874	1379
874	1796
875	974
875	1072
876	1179
876	1480
876	1482
876	1790
877	1044
877	1747
878	909
878	1777
879	889
879	1871
880	1204
880	1310
881	1802
881	1833
882	1269
882	1439
882	1960
883	1145
883	1663
883	1710
884	1984
885	1273
886	1137
886	1142
886	1176
886	1748
887	1244
887	1631
887	1875
888	1281
888	1932
888	1950
889	1861
890	1516
890	1936
891	992
891	1419
892	1610
892	1623
892	1746
893	1376
893	1540
894	1039
894	1378
895	1027
895	1645
896	943
896	1102
896	1134
897	1026
897	1406
897	1547
897	1593
897	1953
898	1075
898	1198
898	1468
899	1070
899	1423
899	1881
900	902
900	955
900	1004
900	1993
901	1233
903	1072
903	1102
903	1110
903	1694
904	1005
904	1345
904	1828
905	1444
905	1573
905	1820
905	1887
906	1027
907	1920
908	1349
908	1538
909	1804
910	1805
910	1865
911	1792
912	1257
912	1593
912	1775
913	957
913	1816
914	931
914	1927
915	934
915	962
916	1043
916	1074
916	1496
917	1388
917	1694
918	1209
918	1517
918	1852
918	1936
918	1985
919	1296
919	1771
920	1854
920	1897
921	1148
921	1695
921	1969
922	1068
922	1640
922	1986
923	1374
924	1402
925	1251
926	1181
926	1680
927	1020
927	1365
927	1765
928	1672
928	1796
928	1965
929	1600
930	1315
930	1373
931	1518
932	985
932	1313
932	1657
932	1807
932	1857
933	1037
933	1441
933	1702
934	1036
934	1434
934	1911
935	989
935	1119
936	1401
936	1532
936	1575
936	1939
937	1401
937	1463
938	1163
938	1369
938	1470
939	1092
939	1228
939	1740
939	1906
939	1971
940	1081
940	1444
940	1463
941	1463
941	1689
941	1848
942	1003
942	1643
943	1260
943	1990
944	952
944	1137
944	1282
945	1147
946	1094
946	1120
946	1650
947	1224
948	1222
948	1573
949	1150
949	1356
950	1095
950	1187
950	1237
951	1111
951	1601
951	1670
952	1770
952	1830
953	1212
953	1253
953	1307
953	1381
954	1362
954	1916
955	1309
955	1858
956	1860
957	967
957	1785
958	1447
958	1608
958	1935
958	1976
959	1105
959	1886
960	1996
961	1031
962	1572
962	1645
963	1378
963	1895
964	1055
964	1414
964	1701
964	1858
965	1402
965	1828
966	1013
966	1472
966	1758
966	1773
966	1879
967	1166
967	1809
967	1973
968	1064
968	1418
968	1785
969	1188
969	1577
969	1855
970	1306
970	1760
970	1867
970	1952
971	1280
972	1129
972	1329
972	1801
973	1475
974	1050
974	1355
974	1708
975	1560
976	1127
976	1900
977	1478
977	1624
978	1415
978	1605
978	1879
978	1963
979	1179
979	1339
980	1234
981	1632
981	1967
982	1113
982	1356
982	1944
983	1093
983	1425
984	1100
984	1360
984	1711
985	1196
985	1820
986	1250
987	1312
987	1813
987	1905
988	1040
989	1318
990	1661
990	1864
991	1052
991	1299
991	1833
991	1943
992	1838
993	1056
993	1339
994	1824
995	1228
995	1562
995	1637
996	1036
997	1057
997	1529
997	1813
998	1092
998	1190
999	1343
1000	1225
1001	1169
1001	1352
1001	1487
1001	1949
1002	1452
1002	1619
1002	1910
1003	1355
1003	1620
1004	1094
1004	1888
1005	1552
1006	1067
1006	1172
1007	1343
1007	1653
1007	1911
1008	1045
1008	1347
1009	1076
1009	1843
1010	1101
1010	1317
1010	1524
1010	1994
1011	1079
1011	1788
1012	1388
1013	1133
1013	1246
1013	1656
1013	1762
1014	1836
1015	1114
1015	1784
1015	1815
1016	1079
1017	1076
1017	1722
1017	1852
1017	1971
1018	1069
1018	1135
1018	1803
1018	1992
1019	1104
1019	1296
1019	1477
1019	1874
1020	1428
1020	1542
1020	1810
1021	1430
1021	1431
1021	1881
1022	1090
1022	1153
1022	1427
1023	1081
1023	1866
1024	1235
1024	1562
1025	1094
1025	1184
1025	1921
1026	1237
1026	1769
1026	1909
1027	1258
1027	1731
1028	1365
1028	1548
1030	1111
1030	1880
1030	1917
1031	1070
1031	1986
1032	1412
1032	1594
1033	1651
1034	1071
1034	1188
1034	1194
1034	1271
1034	1301
1035	1923
1037	1793
1037	1904
1038	1529
1039	1721
1040	1705
1040	1853
1040	1894
1041	1184
1041	1382
1042	1090
1042	1177
1042	1396
1043	1852
1045	1770
1046	1289
1046	1856
1047	1613
1047	1750
1049	1056
1049	1795
1049	1832
1049	1957
1050	1139
1050	1197
1050	1386
1051	1370
1051	1637
1052	1069
1052	1087
1052	1502
1053	1436
1053	1494
1053	1695
1054	1130
1054	1785
1054	1806
1055	1302
1055	1650
1055	1760
1057	1532
1057	1696
1058	1124
1059	1086
1060	1298
1060	1821
1061	1349
1061	1575
1062	1357
1062	1690
1062	1899
1063	1343
1063	1379
1063	1500
1063	1620
1063	1999
1064	1601
1066	1408
1067	1316
1067	1385
1067	1725
1068	1233
1068	1953
1069	1571
1069	1971
1071	1364
1073	1604
1073	1716
1074	1421
1074	2000
1075	1231
1075	1439
1075	1514
1075	1887
1076	1291
1076	1332
1076	1435
1076	1614
1076	1776
1077	1425
1077	1475
1077	1630
1078	1469
1078	1967
1080	1229
1080	1778
1080	1957
1081	1240
1082	1190
1082	1195
1083	1100
1083	1152
1084	1138
1084	1367
1085	1112
1085	1151
1085	1188
1085	1698
1086	1378
1088	1697
1089	1128
1090	1219
1091	1130
1091	1775
1093	1113
1093	1152
1093	1367
1093	1407
1094	1178
1095	1225
1095	1368
1095	1510
1096	1285
1096	1362
1098	1959
1099	1825
1100	1304
1100	1592
1101	1998
1103	1622
1103	1939
1105	1281
1105	1814
1106	1317
1106	1791
1107	1316
1107	1630
1108	1791
1111	1114
1112	1202
1112	1288
1112	1664
1113	1405
1114	1967
1115	1476
1115	1533
1117	1158
1117	1246
1117	1267
1119	1588
1119	1812
1120	1542
1122	1389
1122	1415
1122	1918
1123	1535
1124	1245
1124	1794
1125	1214
1126	1166
1126	1797
1127	1297
1128	1762
1128	1833
1131	1157
1131	1474
1133	1278
1135	1531
1135	1915
1136	1149
1136	1288
1139	1383
1140	1163
1140	1508
1142	1161
1142	1330
1142	1565
1145	1159
1147	1407
1148	1394
1148	1748
1149	1497
1149	1779
1150	1400
1151	1405
1152	1323
1153	1255
1154	1248
1154	1398
1154	1897
1155	1162
1155	1367
1156	1572
1156	1675
1157	1402
1157	1635
1158	1992
1159	1978
1160	1360
1160	1825
1161	1417
1161	1737
1162	1328
1162	1588
1163	1584
1164	1669
1165	1328
1166	1504
1167	1177
1167	1362
1168	1217
1168	1395
1169	1654
1169	1827
1170	1313
1172	1357
1173	1690
1174	1324
1174	1389
1174	1720
1175	1859
1177	1479
1178	1877
1178	1929
1179	1295
1179	1318
1179	1654
1180	1232
1180	1528
1181	1587
1182	1902
1183	1375
1183	1979
1184	1263
1186	1722
1187	1314
1187	1543
1187	1847
1188	1289
1189	1247
1190	1723
1191	1193
1191	1524
1194	1403
1194	1430
1197	1263
1198	1660
1200	1715
1200	1817
1200	1875
1200	1957
1201	1888
1201	1898
1202	1240
1202	1423
1202	1962
1203	1502
1203	1764
1203	1999
1204	1299
1206	1416
1207	1401
1207	1409
1208	1409
1208	1445
1208	1899
1210	1278
1210	1930
1211	1432
1211	1707
1213	1253
1214	1293
1216	1856
1217	1444
1217	1477
1218	1456
1218	1635
1219	1993
1220	1321
1221	1330
1221	1746
1222	1363
1222	1845
1222	1863
1224	1387
1224	1885
1225	1864
1225	1889
1226	1245
1226	1778
1226	1825
1227	1626
1227	1810
1227	1917
1228	1461
1228	1556
1229	1697
1230	1344
1231	1637
1232	1256
1232	1741
1233	1260
1233	1327
1235	1692
1236	1390
1237	1884
1238	1385
1238	1706
1239	1332
1239	1992
1240	1598
1241	1285
1242	1431
1242	1683
1243	1641
1244	1882
1246	1639
1246	1671
1247	1648
1247	1993
1248	1275
1248	1333
1249	1263
1249	1858
1250	1358
1251	1279
1251	1498
1251	1555
1251	1655
1252	1430
1252	1887
1254	1337
1255	1295
1255	1964
1256	1646
1256	1934
1257	1947
1259	1533
1259	1648
1259	1729
1260	1573
1261	1337
1261	1924
1262	1474
1262	1625
1263	1679
1263	1689
1264	1464
1264	1936
1265	1862
1266	1858
1267	1908
1268	1902
1269	1589
1270	1392
1274	1578
1275	1551
1275	1699
1276	1389
1276	1648
1277	1290
1277	1801
1278	1403
1278	1461
1280	1326
1280	1438
1282	1751
1284	1469
1284	1881
1284	1928
1285	1528
1285	1891
1287	1910
1287	1912
1288	1738
1288	1999
1289	1638
1290	1867
1291	1862
1292	1329
1294	1297
1294	1611
1294	1778
1298	1416
1298	1544
1299	1468
1301	1931
1302	1556
1303	1459
1304	1948
1305	1679
1305	1995
1307	1369
1309	1739
1309	1980
1310	1329
1311	1514
1311	1699
1312	1709
1313	1376
1314	1631
1314	1940
1315	1636
1317	1917
1319	1434
1320	1738
1321	1605
1322	1376
1327	1675
1328	1356
1329	1706
1330	1998
1332	1839
1333	1881
1334	1338
1336	1687
1337	1883
1337	1893
1338	1466
1338	1710
1339	1451
1339	1679
1342	1723
1345	1722
1345	1758
1346	1909
1346	1990
1347	1704
1350	1471
1352	1527
1352	1744
1352	1977
1355	1896
1356	1948
1357	1473
1357	1736
1358	1513
1359	1437
1359	1522
1359	1937
1363	1600
1364	1388
1366	1958
1367	1586
1367	1773
1368	1597
1368	1784
1370	1451
1370	1657
1372	1623
1372	1970
1373	1758
1374	1442
1375	1693
1376	1585
1377	1492
1377	1625
1377	1859
1378	1742
1380	1569
1382	1890
1383	1848
1383	1979
1384	1759
1384	1823
1384	1840
1387	1680
1389	1721
1390	1917
1391	1435
1392	1548
1392	1907
1393	1561
1393	1763
1394	1435
1394	1754
1394	1809
1396	1587
1397	1788
1397	1990
1398	1446
1398	1763
1398	1891
1399	1882
1399	1950
1399	1965
1400	1448
1400	1666
1401	1490
1403	1509
1403	1719
1406	1412
1406	1458
1409	1941
1410	1517
1410	1599
1410	1623
1411	1524
1412	1538
1412	1712
1414	1559
1414	1906
1415	1567
1416	1475
1418	1556
1421	1914
1422	1426
1422	1976
1423	1508
1425	1832
1427	1681
1429	1566
1430	1546
1435	1526
1436	1500
1436	1612
1438	1660
1440	1818
1440	1983
1441	1498
1441	1883
1449	1481
1451	1839
1452	1606
1453	1700
1453	1753
1453	1818
1454	1672
1455	1525
1456	1791
1458	1513
1461	1776
1462	1714
1463	1596
1465	1933
1466	1938
1470	1588
1472	1605
1472	1670
1473	1571
1477	1925
1478	1950
1479	1574
1480	1611
1480	1947
1482	1674
1482	1750
1482	1783
1483	1808
1483	1978
1484	1681
1484	1932
1486	1488
1487	1790
1489	1902
1492	1546
1492	1655
1493	1587
1493	1678
1495	1681
1495	1688
1496	1657
1496	1869
1498	1979
1499	1602
1499	1884
1501	1692
1505	1634
1506	1851
1508	1762
1512	1530
1513	1782
1515	1518
1515	1687
1518	1958
1519	1543
1520	1625
1520	1845
1521	1862
1522	1995
1523	1674
1523	1989
1525	1921
1526	1655
1527	1615
1528	1906
1529	1682
1530	1659
1530	1907
1533	1671
1537	1974
1542	1725
1542	1851
1543	1713
1544	1633
1545	1567
1545	1765
1546	1609
1550	1570
1551	1613
1551	1754
1553	1562
1554	1878
1560	1801
1561	1616
1562	1978
1564	1806
1566	1668
1566	1714
1572	1738
1572	1939
1575	1802
1575	1886
1578	1815
1582	1616
1584	1616
1586	1887
1588	1943
1589	1798
1594	1705
1596	1629
1603	1611
1603	1827
1608	1759
1609	1783
1610	1882
1612	1630
1613	1928
1614	1745
1615	1683
1617	1663
1617	1764
1618	1729
1618	1915
1622	1661
1626	1794
1628	1779
1629	1997
1631	1808
1633	1827
1636	1685
1639	1944
1641	1851
1641	1931
1643	1735
1645	1741
1648	1760
1649	1834
1657	1778
1657	1844
1658	1906
1659	1749
1660	1835
1665	1768
1669	1701
1672	1775
1675	1751
1680	1847
1682	1955
1684	1948
1686	1928
1687	1869
1689	1910
1692	1777
1694	1699
1694	1843
1695	1766
1699	1973
1700	1868
1713	1959
1717	1926
1727	1896
1734	1930
1736	1760
1737	1810
1738	1745
1739	1752
1740	1781
1742	1868
1747	1865
1751	1949
1752	1945
1754	1824
1768	1877
1775	1906
1777	1854
1780	1923
1786	1818
1786	1823
1786	1905
1794	1830
1794	1896
1798	1921
1808	1836
1817	1864
1820	1922
1822	1884
1824	1880
1827	1937
1830	1919
1831	1905
1837	1928
1838	1870
1841	1941
1855	1901
1857	1916
1873	1954
1874	1915
1875	1919
1876	1892
1878	1963
1879	1902
1882	1912
1892	1985
1893	1984
1897	1927
1903	1983
1913	1965
1916	1934
1925	1926
1940	1979
1940	1987
1946	1962
